155780 1
153132 1
90249 1
248901 1
220849 1
118529 1
340689 1
339413 1
391166 1
350895 1
179325 1
114880 1
321993 0
134415 0
239965 1
208305 1
197787 1
313679 1
539169 1
388474 0
290628 1
594170 0
218391 1
184893 1
392014 0
377479 1
200195 1
203895 1
204748 1
232765 0
122359 1
790681 0
178292 1
286828 0
282651 1
633325 1
333609 1
328791 1
200584 1
88043 1
116708 1
275479 1
130674 1
444502 0
158865 1
135807 1
748663 1
279442 1
225710 1
227344 0
821368 0
81842 0
90249 1
197148 1
111276 0
494386 1
225404 0
387190 1
220118 0
193331 1
242396 1
349272 1
149132 1
175646 1
422643 1
161062 1
262897 1
409068 1
520473 1
63274 1
297301 0
161346 1
199041 1
249627 0
121217 1
79640 1
94442 1
161857 0
235173 1
486588 1
240847 1
115249 1
231019 1
387985 1
183616 1
129843 1
219808 1
440620 1
209511 1
96539 1
255480 1
266926 0
337942 0
313236 1
206168 1
74620 1
283949 1
362179 1
199114 1
377407 0
141913 0
239005 1
305570 1
171253 1
255137 1
244762 1
123610 1
725894 1
297337 1
53288 1
281701 1
240671 0
686512 1
307426 1
175448 1
328957 1
635038 1
173031 1
336190 0
346404 1
265013 0
92725 1
111452 1
115241 1
370866 1
59412 1
721628 0
823736 1
250920 0
125281 1
260913 0
123222 1
92732 0
345194 1
293311 1
191986 1
239005 0
686512 1
326457 0
179831 1
405636 1
391531 0
178424 1
82526 1
182402 0
324990 1
182660 1
323688 0
750439 0
166703 1
84292 1
507673 1
280758 1
454826 1
320448 1
198870 1
149833 0
342839 1
135776 1
107699 1
132469 1
117385 1
439780 1
150387 1
203953 1
137355 1
416801 0
101040 1
107198 1
216008 1
247428 0
483796 1
263256 1
224330 1
348858 1
137220 1
233683 1
202018 0
164286 1
258753 0
156714 1
190856 1
216870 1
150119 1
639504 1
417123 0
95957 1
278335 1
318293 1
262443 1
256727 0
352016 1
256698 0
600025 1
342584 1
426132 0
176809 1
142729 1
197305 1
236760 0
318799 1
280382 1
129527 0
1047162 0
310101 0
80081 1
368561 0
166983 1
321180 0
970241 1
162921 0
84656 1
259860 0
359003 0
365749 0
222497 1
555901 1
482535 1
160834 1
184176 1
430188 0
491484 1
577327 0
220783 1
227063 1
217273 1
232917 0
307840 1
236543 0
168030 1
271550 0
159068 1
322141 1
265889 0
70877 1
414295 0
474733 1
164410 1
323731 1
506034 1
203861 0
203601 1
88674 0
497908 1
187360 0
133827 1
200721 1
756827 0
371998 0
312910 1
217273 1
190482 1
404209 0
486871 0
175778 1
462793 0
159908 1
110508 0
148861 1
296833 0
158144 0
374586 0
210464 1
312910 1
259722 0
182018 1
106930 0
154776 1
867743 1
145679 1
391649 1
206806 1
162791 0
235602 1
580198 0
570058 1
140806 1
174588 1
82533 1
515489 1
454769 1
816625 0
977186 0
394545 0
166469 1
376294 1
222481 1
140665 1
236988 1
87954 1
163359 1
83734 1
473474 0
210348 1
265846 1
106204 0
340694 1
365538 1
329100 0
379998 1
190482 1
269186 1
72100 1
184787 1
970241 1
253036 0
309279 1
144334 1
491484 1
138181 1
396356 0
345784 1
167168 1
136807 0
395122 1
167355 1
170316 1
219244 1
450213 0
249124 0
440838 1
469347 0
158954 1
119045 1
287983 1
271372 1
390741 0
179188 1
330503 0
162464 1
270660 1
179880 1
317677 0
864741 0
284833 1
121546 1
173741 1
241990 1
189551 1
141090 0
300903 1
300023 0
152069 1
717170 1
215989 1
268175 1
292924 1
287755 1
250600 0
179746 1
351096 1
184008 1
205159 0
285033 1
268593 1
187933 1
189008 0
105068 1
165934 0
206165 1
181323 1
78414 1
106704 0
358814 1
332170 0
391784 0
182229 0
342618 0
407147 0
118338 1
237805 1
481071 1
265597 1
240199 1
297814 0
611475 1
237056 1
358223 1
271905 1
344559 1
310688 0
222800 0
214875 0
178726 0
267017 0
82847 1
551665 1
193887 1
162451 1
321194 0
240134 1
209830 0
258637 0
382651 0
582583 1
387914 1
393602 0
205862 1
251620 1
425999 0
237679 1
80078 1
174882 1
107485 1
199545 1
149138 1
166469 1
365877 1
251857 1
463958 1
262546 1
459357 0
433784 0
411421 0
146913 1
151522 1
100043 1
486001 0
490955 1
133878 1
431153 0
225891 1
164839 1
200057 1
305531 1
218192 0
321863 1
196788 1
113652 1
191519 1
180964 0
611333 0
463859 0
623015 0
278724 1
234201 0
111310 1
141262 1
327477 0
234808 1
404906 0
637973 0
397402 0
207228 0
183836 1
164921 1
172090 1
296900 0
189038 1
375096 0
302708 1
350054 0
210099 1
355153 0
213165 1
280227 0
179847 0
439922 0
491862 1
366942 0
337066 0
383786 1
506364 1
262137 1
207162 1
874954 1
122542 1
771558 0
230395 1
157725 1
79521 1
151132 0
424571 1
278413 0
234201 0
149236 1
270674 1
282577 0
708437 1
220803 1
461320 0
116387 1
467619 1
153863 0
266807 0
223733 1
230865 1
225883 1
133194 0
431612 1
442835 1
448521 0
384136 1
320673 1
787470 1
362016 1
141263 1
319178 1
383943 1
298156 0
186957 1
123140 0
182263 0
209251 0
201619 1
150124 1
472206 0
217603 0
666677 0
121160 0
475051 1
258610 1
617376 1
99833 1
205586 1
142458 0
588930 1
271262 1
370922 1
250025 1
411131 1
411691 0
283785 1
158103 1
430895 0
108972 1
233997 0
478479 0
214485 1
267715 1
153317 1
309482 1
454896 0
276768 1
265032 0
447254 0
371840 1
320589 0
400242 1
402252 1
375797 0
153044 0
115552 1
96459 0
765967 0
202935 1
524294 1
260402 0
364082 0
326275 1
204311 0
309725 1
498460 1
515985 0
283931 1
126414 1
304927 1
290350 0
489406 0
160183 0
87582 1
157178 1
207254 0
665824 0
114897 1
544296 0
288370 0
242552 0
119974 1
275490 1
133609 1
248563 0
225397 1
207506 0
483334 1
499216 0
263916 0
148159 1
138497 1
630213 1
453009 1
88506 0
308508 1
234488 1
287130 0
518220 0
239128 1
175421 1
287671 0
376622 1
712588 1
293429 1
75567 1
211483 0
101135 1
384009 0
240630 1
262121 1
137494 0
264269 1
268441 1
182330 0
494380 0
1000423 0
93541 1
542292 0
404282 0
177609 1
491435 0
148485 0
192243 0
159431 0
287431 0
191287 0
413596 1
97630 1
540076 0
269342 0
715140 0
226669 1
248568 1
255693 0
237725 0
162348 0
140056 1
624269 0
199868 1
328520 0
206700 0
276954 0
375797 0
263193 0
340931 1
862833 0
227652 1
142518 0
408882 0
208512 0
250136 0
380401 0
341491 1
398591 0
355307 1
370252 0
331372 1
363840 0
217184 1
410718 0
101735 0
527828 0
137902 1
282615 1
262539 1
553299 0
182882 1
246880 1
124999 1
314809 0
209846 1
515782 0
326897 1
388039 0
96603 0
121000 1
636881 1
630156 0
106384 1
176857 0
368659 0
381118 0
101130 1
500231 0
152672 0
166963 1
173115 1
241849 1
172709 0
211807 1
349082 1
372364 0
406840 1
334953 1
165944 1
211967 1
264806 1
202379 1
688665 1
457824 1
142216 0
383067 0
579967 0
248182 0
247510 0
88506 0
149138 1
527828 0
403817 1
973046 0
190099 0
89092 1
211048 1
142281 1
419376 0
327892 0
675834 0
271738 1
275470 1
441104 1
220060 0
379355 0
173084 1
351800 0
391384 0
274554 1
297659 1
241532 1
578499 0
123667 1
278377 1
209140 0
145296 1
400439 0
513872 0
525288 0
208850 1
538970 0
624461 0
213037 1
256465 1
460502 1
348700 0
535145 0
171498 0
452015 1
147776 0
137828 1
147667 1
449006 0
125905 1
150528 0
332633 0
257147 0
472241 0
335965 0
598716 0
481944 0
308888 0
676219 1
173608 1
265896 1
258513 0
321282 1
131599 0
419225 1
170157 1
321579 1
118617 0
387483 1
682456 1
234569 1
275665 0
529892 1
429950 1
213613 1
136358 1
313971 0
197760 1
238336 0
374730 0
408246 0
306836 0
257897 1
726667 0
287282 1
460094 1
97647 0
791220 0
132692 0
481162 1
290203 0
143108 1
301518 0
308096 0
121107 1
184562 1
412843 0
572200 0
362744 1
333674 1
186281 0
332125 0
545400 0
316931 0
82961 1
546436 0
481609 0
394298 0
333420 1
256008 1
370461 1
208673 0
589003 0
210652 1
187650 0
177369 1
261859 1
533816 1
273645 1
423578 1
182670 1
958645 0
199704 0
454979 0
317056 1
139292 0
139663 0
578258 1
341591 1
721351 0
412512 0
349959 0
535235 0
686993 0
322515 0
652300 0
506715 0
207470 1
157220 1
394952 0
248312 1
99823 0
210310 1
331885 1
576908 0
848335 0
143735 0
260433 1
353890 0
415398 0
114134 1
208673 0
324246 0
322000 1
388401 0
329656 1
818090 0
252093 1
470712 1
258682 0
162105 1
164635 1
196125 1
227103 0
836429 0
723365 1
432544 1
92150 1
164145 0
149587 1
405709 1
448863 0
691414 1
410165 0
152281 1
227816 0
399982 0
237625 0
744525 1
314520 0
299096 1
352411 0
533927 0
360026 1
401446 0
220795 1
120109 1
357506 0
446314 0
134080 1
873946 1
122996 0
435450 0
126525 1
1519783 0
254778 0
271103 1
100027 1
376840 0
276780 0
214587 0
391887 0
436562 0
349798 0
185772 1
342943 0
491714 0
313056 0
234469 1
531695 0
311050 1
