5154349 1
1978031 1
1130960 1
5336782 1
3305623 1
681882 1
9037746 1
5866456 1
7745966 1
5757788 1
3008877 1
1797609 1
5003274 0
745967 0
5743065 1
4353638 1
1196687 1
3670293 1
7914396 1
5788389 0
10097027 1
10243615 0
6468168 1
2841938 1
5176395 0
4802280 1
7611779 1
2375262 1
2968699 1
7387582 0
2209194 1
4715276 1
3673283 1
13315105 0
3988637 1
5162412 1
7196629 1
3622649 1
2435939 1
734762 1
1531552 1
3234901 1
2515310 1
7048725 0
1938252 1
1430117 1
5654074 1
3998884 1
6805228 1
3164947 0
21381999 0
570353 0
1130960 1
1913409 1
2335080 0
6498903 0
3959180 1
12563532 1
638911 0
1572202 1
1643582 1
8297996 1
1684777 1
1593596 1
7714538 1
4389552 1
2212554 1
4699183 1
3123345 1
779836 1
7666565 0
3778009 1
4665565 1
2305207 0
758529 1
213410 1
1011450 1
1803987 0
7163467 1
10957769 1
8417219 1
575888 1
1695638 1
21764352 1
430693 1
2092683 1
3004955 1
11422702 1
2940974 1
512678 1
11361401 1
2630862 1
6644225 1
2159451 1
2809133 1
163331 1
1129711 1
4661570 1
9971130 1
27437753 0
953131 0
2691964 1
11311983 1
4275585 1
4073639 1
3612372 1
1142673 1
25515677 1
6010390 1
300811 1
4594322 1
5181443 0
11147317 1
3727790 1
1127302 1
10032155 1
8991067 1
4522793 1
4026112 0
13453275 1
4031282 0
687422 1
983660 1
1754140 1
3705576 1
196399 1
13676035 1
48458606 1
2611949 0
455221 1
1469232 0
1129040 1
890890 0
9408581 1
12830403 1
5497443 1
2691964 0
11147317 1
8729163 0
2193527 1
14151019 1
3450903 0
1568011 1
1321829 1
1582960 0
1869168 0
3015300 1
4626737 0
6871651 0
2121669 1
338865 1
10268552 1
4234412 1
16510033 1
2403794 1
691985 1
781949 1
3518457 1
312260 1
505439 1
1944950 1
366185 1
9592111 0
1684878 1
1441115 1
1837566 1
15142627 0
666788 1
849302 1
2927892 1
3371137 1
4513751 1
18434036 1
1310837 1
9882792 1
1527524 1
2653839 1
682200 0
1118641 1
13646770 0
953315 1
2688060 1
2559045 0
363296 1
6341727 1
6746043 0
933249 1
3321794 1
5933354 1
2051032 0
4952797 0
6426335 0
3854662 0
17928693 0
10594957 1
9176545 1
3961144 0
488605 1
1751563 1
1781642 0
4424539 1
3697360 1
1052287 1
13208474 1
8085257 0
335679 1
6174897 1
2901563 1
25230140 0
15725853 1
3068797 0
944974 1
2796897 1
17282480 0
5401143 1
2616719 1
11733995 0
4050513 1
417066 1
1049309 1
6001829 1
10263002 1
6256682 0
2078046 1
1797553 1
3904085 1
7243272 1
6896007 1
3020963 1
1507706 1
3652019 1
3056103 1
5114786 0
3156609 0
1946436 1
11353527 0
10125791 1
1734908 1
10664511 1
6020474 1
3002315 0
3226972 1
847647 0
8078653 0
1441830 0
1463421 1
4923997 1
15852541 0
4613381 0
7035698 1
3904085 1
1589205 1
13091867 1
34338083 0
3517022 1
8189190 0
582794 1
926636 1
461096 1
10366850 0
481335 1
3900971 1
1136427 0
7035698 1
11808011 0
1373063 1
1307728 0
1812289 1
19580070 1
1083378 1
2982739 1
743396 1
1437205 0
2258745 1
5087569 1
11646722 1
931610 1
1039392 1
546499 1
6476051 1
9637309 1
7535467 0
66739082 0
2679970 0
2125703 1
3431103 0
2864808 1
1852731 1
2107969 1
1216233 1
2215938 1
961678 1
22240279 0
2459214 1
1631608 1
862901 0
4195598 1
14558071 1
2058474 0
1947614 1
1589205 1
3133541 1
474770 0
4147934 1
15725853 1
2102566 0
10787364 1
2333515 0
10263002 1
510156 1
802652 0
8485988 1
2445235 1
1035432 1
14345992 1
1422806 0
2781733 1
4793215 1
23712568 0
7612773 0
5578801 1
15853144 0
945825 1
399675 1
4395897 1
1431510 0
4694793 0
2187166 1
5605159 0
1903720 1
4357362 1
801288 1
4867455 1
32942773 0
5440130 1
855276 1
1038232 1
6405274 1
1736822 1
849105 1
10778661 1
8279642 0
1064054 1
18510730 0
855340 1
5325959 1
14844003 1
6945451 1
5418502 1
3426480 1
2803012 1
1128533 1
2054067 1
5534310 1
1574130 0
1586382 1
1822527 0
1113318 1
1127764 0
3259152 1
919813 1
541325 1
891209 0
9280411 1
13554306 1
5878655 0
2111893 1
12629634 0
5291006 0
430327 1
2229649 0
5980761 1
5414726 1
2253032 1
2540614 0
4557058 1
2421100 1
11391784 1
14235248 0
6179067 1
1640707 0
2358683 0
2023040 1
3453535 0
4680428 0
456105 1
30056833 1
2690279 1
11666027 1
2493130 0
935238 1
11379790 0
4510058 0
14413038 0
13875588 1
7700034 1
11159926 0
6058289 1
7386699 1
9485121 0
3608047 0
1212646 1
1244910 1
704385 1
2361213 1
677056 1
2727626 1
8623854 1
1599171 1
6630298 1
3261764 1
4293333 0
12938920 0
4773189 0
726333 1
674880 1
323562 1
4889094 0
12031141 1
1669477 0
3586092 0
3586285 1
1216474 1
7693117 1
9015494 1
4125877 0
5011834 1
2486282 0
509585 1
1112089 1
1718724 0
17111480 0
10300566 0
28776925 0
4441182 1
4824155 0
359623 1
570911 1
3723138 1
3255077 1
12296989 0
14126705 0
2810326 0
3018023 1
1953945 1
2131756 1
3300210 1
2751890 0
1409225 1
3401644 0
4903400 1
4465968 1
1472028 1
3630938 0
982241 1
3909767 0
836329 0
7912984 0
13567567 1
2868737 1
3577272 0
2291954 1
10044598 1
1684894 1
6446706 1
4298701 0
572477 1
7102006 1
5691035 1
931056 0
585732 1
2590451 0
6349066 1
3521884 0
4824155 0
2425576 0
3004995 1
9383285 0
4840568 0
4718753 0
3560037 1
615853 0
4604113 0
1794906 1
9510661 0
3060618 1
9995895 0
663611 1
1084424 1
4923399 1
3261760 1
21635773 0
5113825 1
3366555 1
12409464 1
16559653 1
1014604 1
6624692 1
16719505 1
4489124 0
1873872 1
1661581 0
7939580 1
883835 0
1673024 1
2235478 1
4159923 0
3407878 0
21813673 0
3080304 0
33863627 1
6193962 1
12259658 0
1732800 1
919094 1
2048289 0
2874552 0
9386923 1
7325344 1
4821455 1
12212462 1
5711577 0
6822732 0
708845 0
9723748 0
516159 0
1704422 1
8137556 1
3665773 1
2825296 1
1499547 1
3065631 1
11834635 1
3212170 0
937808 0
23646074 0
6262314 0
2342137 0
8999541 1
12806289 1
6339652 0
1326954 0
1502929 1
718756 0
18320403 0
2335718 1
14167845 1
13450761 1
4524092 0
7514251 1
2689079 1
6053470 1
3099687 0
17892368 1
1301387 1
2296748 1
5386432 1
2905993 0
11630826 0
3089641 0
540247 1
1174901 1
5142103 0
21314064 1
1738419 0
6946714 0
19382103 1
1548735 0
1044804 1
5268411 1
2824396 1
2340334 0
2017863 1
6031088 0
24946546 0
10655738 0
8370105 0
2477293 1
715069 1
2988845 1
8517867 1
996728 0
7506224 1
4028704 1
4337274 1
13623506 0
1741652 1
2193715 0
9184547 0
5630257 1
49178619 1
5377671 0
270877 1
3106379 0
833393 1
16379838 1
713720 1
503429 1
763289 1
4660864 1
3564385 1
3505316 1
3856453 0
30380901 0
1531837 1
5712882 0
6007422 0
1798227 0
9142956 0
2110502 0
2863692 1
1937034 0
1962526 0
5128084 0
10388891 1
1254849 1
24693756 1
14190871 0
4540634 1
1975490 1
3446534 0
6387814 0
12349199 0
2339399 0
1230223 1
12603556 0
3837505 1
13937059 0
2111543 0
3061467 0
6339652 0
2618246 0
6375642 1
31200639 1
1744442 1
619110 1
3016762 0
1694194 1
5858829 0
16947129 1
2354256 1
5278960 1
9932381 1
5032550 1
6481978 1
2075775 1
3523571 1
2254655 0
985649 1
4833451 0
1168971 0
1521762 1
4038402 1
16184530 1
1709330 0
3571178 1
2091098 1
3361078 1
1474579 1
39448421 0
8901513 1
17284528 1
579826 1
588474 1
7210690 1
7541075 0
637682 1
2503189 0
5374176 0
5484566 0
1382268 1
11837732 0
1625202 1
635325 1
1260402 1
3880673 1
3829303 0
2217549 1
6959668 1
4789530 0
7319736 0
4844052 0
1025618 1
4382760 1
3662073 1
2772783 1
17402276 1
9685880 1
1298498 0
13708132 0
8034324 1
4289175 0
8473635 0
996728 0
677056 1
4833451 0
3142537 1
16532346 0
3284472 0
1049316 1
6397300 1
768738 1
6147744 0
3835775 0
26641866 1
2536442 1
4479986 0
8762051 1
320497 0
6579424 1
3133426 1
6801311 0
3271315 0
3329057 1
5166961 0
1216851 1
5866508 1
2386992 0
786301 1
3264383 0
722026 1
11846664 0
12179593 0
6116981 0
2858504 1
15507272 1
5961397 1
2750156 1
4928585 1
8304997 0
3515994 0
26695391 0
1680341 0
12262982 1
3722238 0
1258779 1
1694201 1
9853666 1
1156867 1
3927024 0
6097742 1
6273221 0
15978787 1
14399489 0
31030153 0
26126049 1
15322463 1
21209163 1
3780176 1
948339 1
5900846 0
7068431 1
1657923 1
13364703 0
3789191 1
4052765 1
996614 0
5143444 0
35877910 1
5834201 0
688574 0
9357334 1
22151119 1
1044726 1
783933 1
9217542 1
3669589 1
3104187 1
7618251 0
12117139 1
5119090 0
4718834 1
10624687 0
5161017 1
5971653 1
652702 1
18894528 0
889275 0
4749967 0
9387127 0
919736 0
6378423 1
18827229 0
911429 1
3697674 1
7388171 0
11347682 1
17491424 1
6727841 1
2574413 0
8540278 0
6125405 0
7789955 1
606850 1
12609574 0
13821578 0
5915279 0
1654324 1
6440854 1
4824255 1
1088179 1
9572684 1
6581841 1
1597976 0
1056830 1
3238515 1
7901771 1
4914984 1
3181541 1
2851952 1
13916820 0
1768882 0
13783447 0
1195479 1
1055400 1
1403090 0
15493227 1
2476115 1
5481213 1
14285329 0
4750169 1
28158924 0
37064862 0
7075441 1
30223713 0
11685812 0
741455 1
416673 1
5381853 0
2374968 1
276960 0
807832 1
3500430 1
19462542 1
48945696 0
1273884 0
4130751 1
5325406 0
10522911 0
1283940 1
1088179 0
5570616 0
5641333 0
4634035 0
15245175 1
28097762 0
2877129 0
2164456 1
5262696 0
2368691 1
833752 1
3182452 0
2480497 1
19808314 0
20417778 0
7971189 0
455267 1
630206 0
2149237 1
8340553 1
3226983 0
19417280 1
7221514 1
429504 1
3130302 0
5094807 0
9245108 1
25641820 0
8144633 0
8174114 1
3072600 1
11623944 0
3752741 1
6967649 0
6347307 1
749507 1
4138254 1
18972467 1
774152 1
27304701 0
803034 0
8853329 1
1621601 1
12425244 1
5659708 0
611475 1
1828856 0
6351439 0
8630140 1
3828128 0
10540716 0
18023526 0
3354061 0
2250491 1
8071441 0
14318401 0
8564228 1
4356151 1
18683018 0
4861600 1
