225247 1
329733 1
154915 1
250517 1
220549 1
213920 1
296911 1
468709 1
937333 0
323846 1
413036 1
140031 1
315316 0
168913 0
311073 1
346572 1
105016 1
262447 1
881716 0
537560 0
503337 1
541442 0
346055 1
245393 1
435903 0
367834 0
235280 1
242506 1
211430 0
277672 0
183869 1
846550 1
239573 1
348815 0
309585 1
243806 1
424769 1
352449 1
376860 1
77903 1
204327 1
255114 1
242386 1
759564 0
148906 1
160791 1
715434 1
257774 1
244264 1
223207 0
784209 0
127342 0
154915 1
166937 1
123933 0
517193 0
169005 1
684753 1
120751 0
232572 1
324767 1
224935 1
154543 1
192053 1
351055 1
320812 1
255305 1
594242 1
302149 1
143231 1
362068 0
211183 1
287615 1
445544 0
108552 1
120161 1
111302 1
170731 0
332533 1
445083 1
305098 1
213833 0
166275 1
481317 1
226427 1
247398 1
175513 1
865789 1
373805 1
122663 1
334566 1
149253 1
331731 1
136014 0
276894 1
64478 1
164384 1
407912 1
583038 0
254482 0
174284 0
420533 1
607870 1
184756 1
793901 0
216019 1
205305 1
523760 0
247305 1
67268 1
315296 1
331765 0
274412 1
255463 1
179512 1
426850 1
362871 1
248541 1
473056 0
429677 1
308824 0
112441 1
131803 1
193558 1
555500 1
52694 1
727143 1
753655 1
195412 0
139111 1
364998 0
90329 1
171261 0
452620 1
497154 1
190035 1
420533 0
274412 1
474975 0
299910 1
921227 1
253971 0
122714 1
118953 1
203155 0
284693 0
398957 1
875793 0
560783 0
168075 1
68954 1
458289 1
361283 1
1018971 1
327331 1
134670 1
105099 1
469513 1
96408 1
84206 1
145405 1
85184 1
501136 1
200393 1
180700 1
145165 1
610217 1
81952 1
186763 1
188132 1
326865 0
422949 1
398591 1
212834 1
336545 1
139156 1
208466 1
248039 0
121852 1
337964 0
314396 1
278649 1
199635 1
120568 1
687723 1
591438 0
143552 1
366661 1
488470 1
307836 0
698345 0
483757 1
735574 0
463744 0
328837 0
418953 1
197703 1
116740 1
132088 1
167574 0
267315 1
569213 1
144056 1
839436 0
418364 0
130441 1
519167 1
164154 1
552398 0
1106735 1
253510 0
106415 1
364595 0
438392 1
463254 0
183880 1
915902 0
365621 1
132573 1
265235 1
670155 1
505112 1
495790 0
255677 1
43418 1
337147 1
341635 1
300086 1
216307 0
259468 1
593503 1
175896 1
384725 1
418834 0
131375 1
771848 0
455383 1
196323 1
330386 1
591186 1
238908 0
292411 1
147866 0
726555 0
168711 0
138951 1
407845 1
500041 0
553815 0
370136 1
337147 1
217198 1
506587 1
575885 0
366542 1
415709 0
86446 1
217194 1
92146 1
297150 0
185851 1
294217 0
295562 0
370136 1
216980 0
207015 1
167852 0
190137 1
694424 1
182642 1
288714 1
446784 1
234155 1
345312 1
745322 1
953036 1
148666 1
159060 1
86117 1
570038 0
414722 1
579935 0
897044 0
367374 0
209723 1
587598 0
338434 0
134090 1
502509 1
233779 1
230896 0
154212 1
934548 0
265929 0
228654 1
92292 0
402759 1
483501 1
392315 1
281222 1
217198 1
297619 1
97868 1
178995 1
1106735 1
307121 0
473261 1
117866 1
505112 1
111992 1
355150 1
624507 1
316020 1
138475 0
413481 1
319763 1
466466 1
237560 1
699343 0
267993 0
371597 1
494173 1
144249 1
96843 1
280269 1
440631 1
464005 0
238694 1
253402 0
124027 1
214311 1
233197 1
288193 0
902613 0
509218 1
166808 1
294508 1
414227 1
292439 1
154972 1
830993 1
853988 0
225541 1
798329 1
269690 1
212986 1
326525 1
448129 1
505521 1
352087 1
420211 1
166313 1
223932 1
301962 1
245494 1
239345 1
233220 0
396275 1
222122 1
254777 0
285808 1
92024 1
177702 0
404166 1
482334 1
482489 1
327149 0
476322 0
406018 0
166567 1
292863 1
417298 0
291151 1
271907 1
587904 0
485291 1
282986 1
428866 1
299935 1
360750 1
443056 0
290784 0
333630 1
264220 0
328431 0
92981 1
808120 1
229191 1
307051 1
369738 0
253579 1
254401 0
411509 0
655153 0
724785 1
580559 0
753603 0
273604 1
243336 1
567904 0
472101 1
93834 1
235725 1
98470 1
235122 1
146484 1
171881 1
337877 1
178493 1
454799 1
449217 1
468739 0
615549 0
375355 0
204680 1
135987 1
81157 1
573786 0
536706 1
126133 0
536428 0
416628 1
194200 0
342890 1
259077 1
234378 0
328020 0
238618 1
81130 1
248290 0
234588 0
893349 0
582052 0
671729 0
266889 1
349544 0
157910 1
188273 1
273109 1
300078 1
501714 1
615311 0
307915 1
231251 0
257260 1
294930 1
122304 1
316808 0
237164 1
318765 1
494053 0
360784 0
162910 1
727961 0
277803 1
282685 0
183917 0
370607 1
877682 0
515881 0
304549 0
310048 1
712101 1
277256 1
266396 1
669238 1
177484 1
502443 1
264805 1
215419 1
98503 1
126895 0
679092 1
396642 0
349544 0
186202 1
281585 1
428818 0
719642 1
311638 0
466950 1
94168 1
398777 0
551334 1
617199 1
227067 1
274646 1
183125 1
134731 1
758113 1
445679 0
987613 1
360941 1
448963 1
942416 1
486308 1
112433 1
308620 1
721660 1
446944 0
212225 0
135861 0
204890 0
305383 0
295495 1
291677 1
581294 0
326050 0
1473817 0
148175 0
486457 1
390228 1
1027079 1
190437 1
148781 1
318349 1
387537 1
537802 1
415767 1
227366 1
586009 1
512079 0
453890 0
234603 1
448512 0
96741 1
462516 1
415904 0
280646 1
218956 1
142972 1
399504 1
686325 0
442743 1
135075 0
1003432 0
500474 1
444864 0
333875 1
465783 1
389162 0
147749 0
200486 1
97782 0
1384514 0
238854 1
673659 0
355446 0
562797 0
364243 1
254511 0
341670 0
350066 0
596545 1
319549 0
246443 1
354964 1
288486 0
599164 0
173974 0
88070 1
189146 1
308208 0
918355 0
109391 1
462308 0
541807 1
254654 0
141005 1
704986 1
215103 1
409821 1
291896 1
211359 0
687984 1
616016 0
466632 1
188058 1
188994 1
829758 1
464740 1
120520 0
295869 1
440893 1
499500 1
876680 1
175744 1
329604 1
336878 0
459088 1
898652 1
293979 1
114091 1
268249 1
267180 1
658323 1
325808 1
230269 1
146255 1
253768 1
365555 1
172736 0
442002 0
1059696 0
151734 1
350141 0
550330 0
239217 0
376947 0
208487 0
306078 0
239770 0
503411 0
278795 0
639749 1
125650 1
587958 0
536196 0
742976 0
610589 0
774370 0
278650 0
654206 0
160172 0
162573 1
732058 0
248682 1
561728 0
600444 1
334123 1
389162 0
357368 0
591718 1
974942 0
429522 1
173219 1
446080 1
368760 1
399358 0
937673 0
216390 0
274922 1
631821 0
548509 1
486798 0
384473 0
373016 1
490005 0
258636 0
445078 0
214673 1
366723 1
241136 1
621500 1
192343 1
378015 1
133076 1
403320 1
562608 1
545357 0
346617 1
481232 0
139516 0
187401 1
569407 0
551743 0
158020 1
350019 0
363411 0
566076 1
105381 1
1051621 0
201220 0
323916 1
245812 1
363508 1
339843 0
198965 0
440033 1
364088 0
252071 1
313850 0
449552 1
241629 1
282387 1
191804 1
694655 0
544042 1
211331 1
777789 0
534958 0
386231 0
515243 0
120520 0
146484 1
445078 0
652762 1
556477 0
213775 0
229624 1
392594 1
201218 1
472581 0
410496 0
846382 0
216321 1
353078 0
604205 1
132087 0
617748 0
284153 1
448916 0
517966 0
308938 1
320388 0
173332 1
624100 1
135362 0
227593 1
227637 1
122086 1
639230 0
444405 0
582228 0
205651 1
973022 0
539288 1
237856 1
284953 1
553069 0
240529 0
797239 0
168156 0
580666 1
252059 0
232597 1
224039 1
394479 0
289961 1
172345 1
400724 0
412239 0
862854 0
414935 1
549769 0
646860 0
509105 0
814897 1
214503 1
279233 1
297408 0
603540 1
265213 1
787092 0
210419 1
330697 1
143691 0
459610 1
665632 1
187740 0
271626 0
688099 1
429585 1
195844 1
189494 1
454288 0
335917 1
247710 0
724765 1
523416 1
437476 0
483122 1
1045298 0
263612 1
546555 1
138435 0
910920 0
164622 1
565272 0
344046 0
231714 0
389517 0
612363 0
140201 1
212405 1
516260 0
640683 0
1082649 0
456430 1
223996 0
619932 0
685588 1
408725 1
105408 1
761173 0
557021 0
517430 0
313680 1
414828 1
449635 1
424162 0
540985 0
209851 1
300671 0
188424 1
229658 1
928864 0
524756 1
394168 1
205633 1
802503 0
358035 0
569430 0
283024 1
160380 1
212682 0
927233 1
332018 1
936237 1
1011490 0
379167 1
982786 0
1587470 0
620727 0
786195 0
524034 0
280975 1
102704 1
483309 0
277282 1
140024 0
161481 1
229449 1
521509 0
702416 0
148515 0
266815 1
346929 0
594414 0
204241 1
424162 1
400006 0
214036 0
319374 1
476962 1
1002307 0
210646 0
152662 1
346789 0
306036 1
164290 1
280472 1
265720 0
881975 1
908632 0
635078 1
119392 1
207694 0
265055 1
559215 1
284374 0
611131 1
374085 1
178640 1
287448 0
523682 0
402298 0
1003511 1
375750 0
376414 1
397119 0
469545 0
482371 1
626297 0
303653 1
157876 1
510035 0
878538 0
172976 1
484195 0
205413 1
447868 0
279527 1
830708 1
372128 1
185953 1
211526 1
696127 0
439701 0
337128 0
649120 0
493548 0
383074 1
130122 1
743119 0
706450 0
339174 0
224579 1
575027 0
335611 1
