1749579 1
288869 1
480891 1
697791 1
794228 1
230780 1
1274927 1
1262364 1
2353495 1
1513798 1
947139 1
428857 1
1091182 0
217863 1
1374355 1
966585 1
372670 1
1199783 1
949076 1
1100605 1
1994186 1
2821296 0
1135530 1
822578 1
1388130 0
1020630 0
2033275 1
652224 1
1062751 0
1758846 0
689335 1
2118127 1
840590 1
2919118 0
960595 1
1946198 1
1851518 1
1668495 1
915764 1
482535 1
384235 1
907349 1
555151 1
1533894 0
535273 1
534861 1
1550799 1
915870 1
1572748 1
1015320 0
2178133 1
188774 0
480891 1
696743 1
526220 0
1174704 0
1166235 1
1976400 0
169392 0
513148 1
644171 1
1544959 1
299466 1
577595 1
1169704 1
861089 1
731684 1
1228472 1
898175 1
313297 1
1272797 0
787881 1
1081259 1
680498 0
186594 1
115166 0
271803 1
332798 0
952569 1
2039894 1
1442746 1
169948 1
749512 1
5546979 1
145197 1
502815 1
502250 1
2819334 1
669069 1
370237 1
2648890 1
317743 1
1221783 1
550869 0
752739 1
160036 1
565123 1
2003076 1
864433 1
847989 1
319244 0
570195 1
2100204 1
1065943 1
1870564 1
528581 1
345728 1
4003248 1
648403 1
82303 1
681816 1
2356063 0
2912334 0
642406 1
405842 1
1838909 1
560732 1
753942 1
1391561 0
1720938 1
667246 0
274401 1
430369 1
421942 1
881191 1
100709 1
3156587 1
2759220 1
575474 0
228349 1
1105142 0
414541 1
226153 0
1443559 1
2681254 0
1521510 1
570195 0
2912334 0
1537732 0
659431 1
1595842 1
653601 1
353951 1
309619 1
604387 0
599861 1
1170180 1
1000832 0
1661618 0
565846 1
218113 1
1564800 1
1372387 1
3786806 0
973630 1
347760 1
267194 1
838107 1
97511 1
184489 1
400867 1
234880 1
1269579 0
402138 1
648835 1
528082 1
2143178 0
189461 1
336757 1
529927 1
1302612 1
990801 1
2587997 1
453368 1
1755307 1
326312 1
631575 1
287882 0
428335 1
1501122 0
263874 1
629959 1
639315 1
104987 1
3864395 1
1200694 1
309647 1
913894 1
1968802 1
658679 1
1115031 0
1432209 0
836147 0
3433666 0
3314069 1
2804633 1
933651 0
105483 1
499365 1
520261 1
961307 1
1351180 1
259474 0
1760853 1
1934606 0
201009 1
1021181 0
750121 1
5764225 1
2079791 0
665089 0
321094 1
533658 0
4735384 1
1239271 1
452996 1
2422313 0
1156621 1
408288 1
628412 1
720627 1
1973604 1
1960777 0
961757 1
419751 1
890862 1
918128 0
1174981 1
737534 0
383565 1
1427179 1
523943 1
1394858 0
888342 0
187710 1
1000340 0
2422521 1
615169 1
1620648 0
1944417 1
978787 0
451390 1
285126 0
1087584 0
592081 0
408194 1
1097583 1
2439632 0
1838199 0
1377567 1
890862 1
590581 1
3011334 1
3080116 0
679627 1
1939265 0
234292 1
157933 0
203017 1
843301 0
231434 1
803003 0
447393 1
1377567 1
1724027 0
571866 1
368619 0
590996 1
3518199 1
332590 1
836292 1
302805 1
578475 0
733005 1
1249226 1
2096555 1
248264 1
229844 1
108543 1
1311390 1
2196706 1
779964 0
7184906 0
914214 0
517189 1
893494 0
1175738 1
526006 1
1227383 1
246307 1
933692 1
242239 1
2402463 0
971617 1
658060 1
298132 0
1003029 1
1416018 1
810793 0
479827 1
590581 1
821939 1
160239 1
1284282 1
2079791 0
781041 0
1893977 1
586638 1
1973604 1
529058 1
723981 1
1869667 1
661121 1
299721 1
1922629 1
532761 0
1222800 1
840342 1
2628812 0
602186 0
1533688 1
1473496 0
254597 1
153879 1
1389896 1
739378 1
1772307 0
405945 1
816717 0
435850 1
645870 1
244248 1
1076348 0
2937470 0
1224114 0
205429 1
438218 1
1225435 1
298376 1
300030 1
2049876 0
1175590 0
352827 1
2881763 0
712038 1
1907904 1
2436043 1
1643158 1
863794 1
768848 1
1367803 1
216010 1
518457 1
2450506 1
489105 1
381982 1
660317 0
234687 1
223196 0
1406407 1
241950 1
198964 1
514933 1
1696546 1
1774297 0
1896315 0
269434 1
3288381 0
782151 0
166454 1
518592 0
1629782 1
1258096 1
888767 1
581171 0
1484687 0
993282 1
2936121 1
1092650 1
2017153 1
1317259 1
523702 0
596686 1
826672 0
1226804 0
176666 1
2156157 1
550434 1
1463313 1
1172081 0
473346 1
623894 0
1316187 0
2548733 0
2409486 1
1994727 0
2023317 0
956504 1
2155992 1
1578974 0
728639 0
234438 1
599013 1
260878 1
570192 1
153265 1
777170 1
1391482 1
585787 1
839062 0
1270070 1
1372469 1
2690717 0
1108967 0
317896 1
498672 1
264466 1
1836224 0
1728046 0
280071 0
1185746 1
1204407 1
236912 1
984066 0
2116292 1
886787 0
1211443 1
679159 0
164033 1
397775 1
558417 1
4643931 1
1759420 0
3289770 0
1277595 1
1377111 0
226634 1
224842 1
877786 1
476467 0
2346499 0
2556759 0
636605 1
911195 1
583807 1
524659 1
799516 1
591954 1
227199 1
1117970 0
1248104 0
1005661 0
361896 1
1271153 0
710672 1
677381 0
351112 0
1276292 0
2252014 1
1472101 0
1072646 0
538765 1
1482484 1
486117 1
2253137 1
2538371 0
585842 1
2373619 0
1341830 1
353736 0
226869 1
557723 0
1322832 1
1169909 0
1377111 0
315733 1
991304 1
1839665 1
1150726 0
1485992 0
1074673 1
213152 0
2085709 0
580860 1
2446588 0
658782 1
1109562 1
511167 1
174625 0
1308235 1
973086 1
4163603 0
1761397 1
1866700 1
3328095 1
3240091 1
208513 1
1383676 1
2396222 1
1374687 0
625986 1
272846 0
1385608 0
428712 0
395689 1
725826 1
2277847 0
841669 0
2875005 0
210783 0
1774946 1
1471723 1
3133813 0
337220 1
289988 1
760859 0
617738 1
2388886 1
1592383 1
1312366 0
1943526 1
944387 0
1865717 1
327658 1
1658373 0
180877 1
759141 1
1696699 0
473432 1
760541 1
469396 1
770065 1
2412900 1
1123936 0
377429 0
2209595 0
2044312 1
658925 0
2281244 1
2131581 1
1251800 1
510054 0
344144 1
200287 1
4638242 0
663328 1
1346967 1
567464 0
1327783 0
1122299 1
609311 0
834885 1
1372130 1
2488986 1
1217750 1
701268 1
1800794 1
1182726 0
1444052 0
828116 0
177315 1
260021 1
993561 0
2807872 0
402212 0
1861351 0
3308498 0
568686 0
418929 1
889723 1
1087851 1
723219 0
946228 1
1283089 0
3025519 1
2613567 0
1455922 1
623218 1
288300 1
841169 1
1728497 1
281224 0
1692054 1
593097 0
1223247 0
916996 1
540940 1
725301 1
1259195 0
1629125 1
2507300 1
932199 0
120365 1
663198 0
431066 1
3919289 0
413988 1
276813 1
490615 0
971462 1
774181 1
716045 0
1217412 0
3412057 0
418097 1
1743387 0
2351793 0
267875 0
2178002 0
504695 0
975949 1
543881 0
734268 0
1137518 1
3364019 1
295171 1
5537414 1
2763537 0
624438 0
529454 1
1083984 0
1108385 1
732311 0
486250 0
357170 1
2747493 0
1551750 1
2122742 0
770899 1
1237281 0
1251800 1
1010348 0
1308672 1
4711859 0
735014 1
268334 1
1676588 1
628825 1
840243 0
2902787 1
435471 1
1008051 1
2517813 1
1051972 1
1698669 1
601827 1
1486961 1
514174 0
401993 1
1229882 0
381214 0
419335 1
1526206 1
2462617 0
532919 1
711193 1
757612 1
638503 0
404826 1
4379270 0
2534116 1
2568402 1
207112 0
335952 1
2097198 1
1241932 0
176271 1
865029 1
680710 0
1244327 0
343031 1
1817257 0
414528 1
270168 1
498995 1
1068357 1
935824 0
702083 0
1892921 1
1224648 0
1353667 0
1356096 1
443481 1
1313265 1
538573 1
922929 0
3502138 0
1599916 1
267003 0
2598713 0
1902512 0
1214530 0
588046 0
281224 1
153265 1
1229882 0
1315023 1
2920219 0
577970 1
615962 1
841948 1
480896 1
1042245 0
1892529 0
2925643 1
562999 0
1366617 0
1649971 1
606859 0
1281047 1
877475 1
1162265 0
1219305 0
979238 1
1015751 1
576066 1
1381216 0
657171 0
137351 1
805405 1
147062 1
3034874 0
3052280 0
1887942 0
333534 1
2300234 0
1510727 1
1217249 1
879543 1
2169378 0
488646 0
4729632 0
1137051 1
1903293 0
558839 0
406294 1
611276 1
1755999 0
553910 1
480798 1
2057228 0
1639240 0
3086571 1
1238865 1
8391730 1
3100604 1
3487654 1
3780875 1
1232498 1
356140 0
926137 0
1279672 1
593153 0
2914704 0
567991 1
1063534 1
361379 0
1356385 0
5619657 1
1447196 0
657679 0
1852610 1
1717859 0
412805 1
329319 1
2310751 0
1078917 1
670259 0
1706863 0
3357914 0
1067291 0
946234 1
2771219 0
659524 1
1384252 1
173338 0
2415970 0
371029 1
1841408 0
1572151 0
203470 1
968645 1
2620544 0
277703 1
830624 1
2521009 0
2675379 1
1818493 1
1049642 1
434540 0
1814477 0
1879731 0
1622321 1
297770 1
2898580 0
1713247 0
3369959 0
436576 1
1183349 1
822861 1
275882 0
2487937 1
974885 1
899327 0
352522 1
888031 1
1787999 1
1515104 0
593486 1
735836 1
5480077 0
625851 0
1791838 0
426667 1
234351 1
296494 0
3614648 1
693770 1
883121 1
1962240 0
992853 1
3648169 0
5073164 0
1451254 1
3795757 0
1926401 0
708523 1
143787 1
1349345 0
1054593 1
120455 0
188920 1
1285198 1
3576993 0
6133278 0
401886 0
1099248 0
977628 0
1710260 0
233007 1
275882 1
828934 0
913589 0
1575612 0
1659000 1
3461357 1
635224 0
454158 1
1208990 0
621041 1
490767 1
831260 0
570189 0
3371754 1
4291329 0
1567341 1
264956 1
182982 0
550453 1
1333007 1
638078 1
4696900 1
1805793 0
153785 1
613746 0
1598689 1
2097424 0
1493381 1
977925 1
1684599 1
1091302 1
1783410 0
990225 1
1236449 0
1481750 1
252425 1
1134809 0
3509060 0
468704 1
2043138 0
241390 0
842652 0
383451 1
3583957 1
1067465 1
279842 1
560286 0
1578158 0
1333585 1
785459 0
2402971 1
1567332 0
486615 0
641463 1
1863964 0
1859574 1
2104472 0
918713 1
1799330 0
1807537 1
