884651 1
416074 1
350419 1
965669 1
1130204 1
172712 1
1116738 1
1011516 1
3190174 1
1204012 1
833302 1
404972 1
927444 0
239364 1
1202411 1
692922 1
228228 1
795748 1
1267962 1
1396252 0
1769293 1
1768337 0
1112075 1
731645 1
2158858 0
599018 0
1069332 1
484689 0
527607 0
1232231 0
672163 1
2039504 1
864272 1
1792664 0
917642 1
911893 1
1567927 1
1070242 1
790583 1
256147 1
249112 1
644665 1
388053 1
2163789 0
481359 1
360674 1
1376998 1
694926 1
1856590 1
829944 0
2131991 0
190663 0
350419 1
414091 1
370285 0
1485243 0
954256 1
948630 1
217585 0
479062 1
452153 1
1491209 1
113527 1
388246 1
984650 1
820417 1
509039 1
920478 1
819606 1
280583 1
1156164 0
694934 1
853649 1
464396 0
145186 1
99616 1
240597 1
304048 0
816520 1
1185189 1
706999 1
173088 1
738760 1
3819419 1
149923 1
744081 1
436950 1
3590910 1
552682 1
203351 1
1973083 1
702639 1
1643676 0
464467 1
532337 1
112248 1
492374 1
2973615 1
1026884 1
683009 1
367081 0
547404 1
1791520 1
731250 1
3204374 1
563729 1
491640 1
4259770 1
644328 1
75253 1
855875 1
937738 0
1321057 1
625649 1
413286 1
1916506 0
828517 1
1108747 1
1830722 0
1639074 1
503387 0
209245 1
326851 1
446180 1
749868 1
148994 1
3470656 1
5540100 1
434346 0
229861 1
396061 0
307030 1
245594 0
1535219 1
3683827 1
849186 1
547404 0
1321057 1
1251124 0
1025172 1
1226328 1
762197 0
427542 1
159857 1
371794 0
354446 0
614847 1
1150282 0
1578042 0
525612 1
198163 1
2962405 1
1301909 1
2777211 0
784866 1
274537 1
168216 1
766916 1
77631 1
157891 1
341607 1
116857 1
890301 0
577759 1
384009 1
501717 1
1995787 0
184767 1
371017 1
409453 1
902121 1
1193687 1
3364874 0
397214 1
1161861 1
476883 1
559985 1
305012 0
369712 1
1614228 0
128112 1
473167 1
438385 1
82699 1
2683591 1
1121148 1
216973 1
1274955 1
2186420 1
579785 0
1653982 0
823861 0
700142 0
4226658 0
1297915 0
1941415 1
736672 0
256550 1
339963 1
395213 1
515769 1
897192 1
297642 1
2514102 0
1584455 0
202676 1
1886970 1
303961 1
3182729 1
2120990 1
601504 0
215948 1
319855 0
3276890 1
1063039 1
206167 1
4398466 1
1628037 1
262329 1
426981 1
1840349 1
1264194 0
2576241 0
664105 1
450785 1
762863 1
1095491 0
1347724 1
585558 0
423380 1
1265063 1
464035 1
883544 0
1051283 0
188906 1
1283641 0
2520022 1
566377 1
942346 1
1211181 1
726439 0
654956 0
331397 0
2073618 0
492456 0
192670 1
1058510 1
2267272 0
1155963 0
1310286 1
762863 1
372443 1
1390675 1
2413906 0
821820 1
1819838 0
160819 1
196908 0
247070 1
1467072 0
249958 0
573388 0
349535 1
1310286 1
903454 0
553643 1
314626 0
466035 1
4188258 1
439529 1
560622 1
278781 1
617242 0
444225 1
1224605 0
1892832 1
222954 1
174537 1
95670 1
1539095 1
1661453 1
1188380 0
10997887 0
831845 0
505688 1
1077278 0
1692508 0
512883 1
504189 1
237269 1
624381 1
285191 1
3079256 0
1135288 1
493724 1
307010 0
1220005 1
1416091 1
655880 0
769160 1
372443 1
768252 1
146537 1
542576 1
2120990 1
650833 0
1989025 1
281042 1
1264194 0
419136 1
945914 1
975200 1
582557 0
489388 1
1935507 1
498057 1
985904 1
564394 1
2274390 0
639539 0
1982332 1
1525139 0
273399 1
67067 1
776291 1
783969 1
1340156 0
311944 1
708073 0
409537 1
603342 1
182020 1
756700 0
4000241 0
971482 0
271882 1
373272 1
1203767 1
491686 1
337905 1
526684 1
2232809 0
294714 1
3207720 0
296226 1
855032 1
1482457 1
2238227 1
1019702 1
489458 1
897146 1
197322 1
312293 1
1027406 1
552656 1
412351 1
468306 0
274243 1
206284 0
824841 0
334717 1
145914 1
225938 0
1451429 1
1915750 0
1265326 0
462331 1
1846455 0
872646 0
212604 1
654173 1
1139563 1
845296 1
560938 1
878773 0
818995 1
584962 1
2747521 1
670637 1
2475760 1
565348 0
461371 0
607582 1
564260 0
1369014 0
234223 1
2354050 1
326117 1
908880 1
691330 0
435045 1
627767 0
1054044 0
2192457 0
2388134 1
2059790 1
2316554 0
633335 1
1452404 1
1319675 0
588828 0
260049 1
318103 1
111290 1
501159 1
205087 1
700748 1
994607 1
752771 1
766353 1
796642 1
1494968 1
1545772 0
903868 0
189190 1
490384 1
261801 1
1426537 0
2898184 1
607698 0
1227096 0
770478 1
208909 1
809511 0
1231688 1
945086 0
1015872 0
1006525 0
117117 1
268768 1
666428 0
3094365 0
808288 1
4516755 0
925752 1
1432944 1
253577 1
204539 1
841669 1
482983 0
1346010 1
2358762 0
432679 1
421073 0
265894 1
437887 1
430310 1
363910 0
341092 1
1762894 0
1469742 1
1055676 0
279090 1
1648222 0
451154 1
512654 0
259102 0
1014787 0
2394529 1
690358 0
929323 0
388680 1
1724907 0
483223 1
1385654 1
2446781 0
273792 1
2424068 1
927320 1
290733 0
202808 1
391059 0
1431157 1
810318 0
1432944 1
430220 0
699565 1
1126257 0
1288577 0
1042898 0
834261 1
131423 1
1558374 0
480475 1
1672110 0
572105 1
1322051 1
337813 1
167937 0
1170845 1
1248235 1
4826973 0
1059064 1
1315718 1
2538050 1
2186413 1
177768 1
1167712 1
2306980 1
1213251 0
483432 0
532118 1
1650915 1
519929 0
462816 1
570694 1
1883626 0
942761 0
2772423 0
187227 0
2920545 1
839715 1
1252359 1
342257 1
235210 1
471030 0
677999 1
1479433 1
2110284 1
817213 1
1561358 1
689847 0
1387958 1
271704 1
1367168 0
154906 0
501927 1
1758424 0
320593 1
572724 1
394808 1
954106 1
1598353 1
1040394 1
358894 0
2121580 0
1151284 1
681672 0
1584532 1
1680847 1
813528 0
524030 0
377199 1
148190 1
2761919 1
589933 1
1311156 1
724769 0
859320 0
1325378 1
345604 0
988608 0
834331 0
2408648 1
1387609 1
635318 1
1613657 1
981014 0
1337449 0
770004 0
121695 1
337748 1
797509 1
2457153 0
352373 0
1757017 0
1909109 0
311375 0
232310 1
1213978 1
665754 1
874526 0
1024541 1
620156 0
2393333 1
1960393 0
1778901 1
545456 1
394367 1
835504 1
1228887 1
208241 0
1485654 1
1118842 1
1179648 0
1098347 1
249661 1
573894 1
1231192 0
1153958 1
3135572 1
874484 0
158972 1
685494 0
409020 1
3247323 1
361855 1
211169 1
355169 1
1005248 1
601484 1
466909 0
932221 0
1917528 0
376643 1
1916631 0
1047823 0
436754 0
1831658 0
483345 0
721364 1
785523 0
643246 0
825798 0
2758333 1
390440 1
4598476 1
2494865 0
665810 0
263669 1
1506576 0
699605 1
1504284 0
436877 0
211204 1
1756608 1
585883 1
1589275 0
476698 0
786940 0
813528 0
1067440 0
1088159 1
3216509 1
344860 0
175596 1
1575467 0
351242 1
606692 0
1789967 1
449578 1
887975 1
1244976 1
927540 1
2881909 1
325494 1
1358117 1
419537 0
591035 0
1753103 0
268823 0
270687 1
1246232 1
2065392 0
235443 1
590954 1
422525 1
453239 1
574198 1
4402975 0
2516996 1
2334940 1
201830 0
275651 1
2716290 1
1805741 0
139153 1
434014 0
811557 0
1156094 0
336355 1
1218691 0
441725 1
433931 1
395760 0
975075 1
691858 0
368434 1
1764271 1
420689 0
686081 0
1138162 1
461868 1
1021812 0
659085 1
519326 1
3044343 1
3061576 1
433883 0
2476498 0
1682534 0
916285 0
452295 0
208241 1
205087 1
1753103 0
1082651 1
2858485 0
478276 1
520594 1
596656 1
564401 1
626140 0
1100574 0
3220161 1
477921 0
2468551 1
1475553 1
498967 0
2015295 0
535046 1
1052511 0
1159700 0
1058210 1
765179 0
481150 1
1673275 1
388208 0
155343 1
894020 1
70291 1
2384253 0
3092558 0
1481785 0
467482 1
1668874 1
1068515 0
1190556 1
528138 1
1629993 1
559773 0
3491906 0
1418939 0
2079508 1
543679 0
427202 1
633319 1
1803810 0
570605 1
444519 1
1021527 0
1197825 1
2099380 1
863335 1
5294596 0
3026423 1
4100791 1
2992892 1
1058678 1
560553 1
1370298 0
828124 0
724733 0
1340959 0
387852 1
735627 1
258247 0
1732664 1
5252304 1
756302 0
237579 0
1545577 1
2783696 0
346920 1
256077 1
2069611 0
793314 1
505334 0
1346094 0
1572036 0
1247689 0
983720 1
2644020 0
625365 1
1084416 1
211846 1
2508137 0
311722 0
2994870 0
1273130 0
118019 0
455591 0
2019847 0
276170 1
536734 1
1373581 0
1874376 0
1216366 1
654954 1
348059 0
1101759 0
2572141 0
1232280 1
239130 1
1290284 0
1053681 0
1945369 0
491740 1
1397590 1
673562 1
465633 0
1605903 1
728962 1
712571 0
484375 1
748544 1
1383720 1
595577 0
643475 1
525909 1
4639312 0
710287 0
1891787 1
353292 1
180640 1
247892 0
3189518 1
825165 1
777124 1
1550832 0
740574 1
2232609 0
4589895 0
1083966 1
3276821 0
1529109 0
551451 1
134434 1
1457188 0
657571 1
104219 0
292204 1
714081 1
2453114 0
5397010 0
374881 1
951462 0
679978 0
1560819 1
486421 1
465633 1
1493211 0
761745 1
1762107 0
1560036 1
2966921 0
537754 0
971167 1
847987 0
407943 1
227875 1
972345 0
409633 0
2536965 1
3275216 0
1244079 1
206387 1
133705 0
618678 1
1504242 1
706063 0
3589779 1
1622120 0
137218 1
497334 1
1377923 0
1132181 0
3790239 0
752365 0
1909328 1
920702 1
1530514 0
1291404 1
870699 0
1011802 1
191923 1
1201334 0
2264209 0
370112 1
3158033 0
378438 0
485655 0
371323 1
2695405 1
557895 0
314915 1
445542 0
773835 0
1240929 1
617655 0
2103503 0
1706277 0
386001 0
297853 1
1161487 0
1990009 0
1041481 1
758212 1
2141070 0
1278106 1
