972713 1
398656 1
350940 1
987770 1
858587 1
209634 1
1443258 1
1194621 1
2959241 1
1262714 1
1053890 1
483488 1
1529379 0
511241 1
1289959 1
995190 1
553615 1
823598 1
2267858 1
1518165 0
2456139 1
2521500 0
813089 1
864092 1
1877651 0
906835 0
1194969 1
810299 0
593846 0
1578840 0
736361 1
1856770 1
1373907 1
2483711 0
1277570 1
1443608 1
2672300 1
1547030 1
1315707 1
250054 1
464407 1
727978 1
535436 1
1776516 0
561043 1
520761 1
1235047 1
778969 1
2359876 1
796362 0
4439901 0
273115 0
350940 1
490715 1
835551 0
2368894 0
1255603 1
1541730 0
198670 0
572159 1
606052 1
2119742 1
138897 1
567592 1
957175 1
1043159 1
659676 1
1059823 1
804007 1
454394 1
1289552 0
687857 1
1100513 1
671701 0
145665 1
103329 1
286027 1
282113 0
969146 1
1460902 1
1430218 1
121361 1
702083 1
5242577 1
227441 1
723589 1
533503 1
3591517 1
644006 1
312035 1
2790793 1
783997 1
2003899 0
340606 1
706652 1
136018 1
411176 1
1612743 1
1346296 0
1929515 0
355418 0
688649 1
2276182 1
1009690 1
2266984 1
599476 1
570067 1
4610096 1
590279 1
95741 1
1312933 1
1688154 0
1526652 0
862436 1
452332 1
3079004 0
773212 1
1529113 1
1956151 0
1863163 1
724994 1
392995 1
385989 1
529753 1
1134124 1
147812 1
4402976 1
7528021 1
668647 0
311329 1
879414 0
288930 1
340674 0
1964982 1
3261835 0
1077373 1
688649 0
1526652 0
2098402 0
894023 1
1502908 1
1065700 0
418005 1
270906 1
450784 0
466722 1
876845 1
1051882 0
2894324 0
629990 1
335179 1
2902121 1
1445068 1
3215283 1
806727 1
431284 1
205769 1
1224426 1
82902 1
175033 1
294638 1
144029 1
1393371 0
640031 1
531435 1
649328 1
2458575 0
207990 1
450291 1
588744 1
1147486 1
1256185 1
994606 1
513141 1
1260206 1
504427 1
788138 1
201313 0
514490 1
2613327 1
170950 1
594608 1
503691 1
150120 1
2941259 1
2595821 1
297310 1
1229340 1
2728431 1
706182 1
1220071 0
675506 0
1175399 0
5580135 0
2268564 1
2346907 1
756671 0
80806 1
465254 1
443611 1
656255 1
1269715 1
378142 0
2057833 0
2152110 0
395780 1
780819 0
344218 1
3882339 1
2295368 1
988196 0
195182 1
526001 0
3777935 0
1850551 0
242064 1
2215113 0
1539741 1
302844 1
737127 1
1626477 1
1445023 0
2452379 0
750809 1
566619 1
914948 1
1057175 1
1347462 1
1153211 1
836956 1
1737920 1
542722 1
998171 0
1039982 1
165638 1
1489724 0
2642777 1
553889 1
1867451 1
1478641 1
893901 0
718417 0
336117 0
1296442 0
613183 0
276236 1
1143314 1
2541656 0
2418129 0
1627250 1
914948 1
457761 1
2215856 1
3941693 0
1002657 1
1540315 0
176893 1
265897 0
205884 1
1602455 0
352233 1
708150 0
787015 0
1627250 1
1394388 0
594213 1
497307 0
687809 1
4371871 1
370977 1
418489 1
306180 1
663797 0
636678 1
2002214 0
2655077 0
291306 1
180000 1
116236 1
1933085 1
2012922 1
1461100 0
11851253 0
1287130 0
773188 1
1179290 0
1322473 0
589742 1
1096031 1
276424 1
819131 1
263652 1
3424205 0
1292925 1
487553 1
280580 0
1590365 1
1906880 1
1045298 0
714128 1
457761 1
939805 1
261385 0
952585 1
2295368 1
851945 0
1687409 1
343712 1
1445023 0
360904 1
1182692 0
1424441 1
647030 1
429957 1
1762994 1
518648 1
1290952 1
971891 1
3408831 0
646268 0
2308652 1
1922829 0
295213 1
80782 1
935172 1
765195 1
1917809 0
355483 1
720774 0
349168 1
729451 1
190283 1
704221 0
5102990 0
1238074 0
303601 1
370404 1
1629375 1
371101 1
293603 1
578310 1
3737290 0
376356 1
3824350 0
436067 1
1105402 1
2003548 1
1965857 1
775338 1
608923 1
1210084 1
186987 1
577119 1
1347770 1
467833 1
404658 1
514508 0
311381 1
247617 0
709201 0
340139 1
136742 1
239484 0
1890087 1
2248190 0
1677760 0
481034 1
3473307 0
801575 0
240527 1
709283 1
1158737 1
825898 1
585622 1
1123714 0
1618918 0
1030625 1
3646897 1
1593469 1
2331784 0
811768 0
785947 0
881556 1
685418 0
1179431 0
271501 1
2438050 1
420914 1
927545 1
1086196 0
665310 1
925039 0
1224939 0
2120026 0
2795315 1
2693833 1
1592987 0
830880 1
1356536 1
1190407 0
763684 0
181008 1
424447 0
153497 1
493367 1
225883 1
672643 1
1541189 1
372577 1
1854411 1
1196816 1
1403399 0
1795190 0
1332001 0
266729 1
427776 1
369554 1
1929118 0
3699594 0
460491 0
1184427 0
1137733 1
490115 1
1000159 0
1851772 1
694887 0
1527560 1
1103640 0
118648 1
613932 1
763305 1
3322797 0
1291109 0
4990956 0
1214278 1
1616355 1
260630 1
196689 1
750519 1
614575 0
2936751 0
3335554 0
1022238 0
445977 0
337605 1
520448 1
693246 1
517384 0
528325 1
1271110 1
2025374 0
1210051 0
413731 1
1834553 0
480912 1
684663 0
330974 0
1170221 0
2296606 0
1457706 1
1570789 0
435155 1
1642537 0
506821 1
1627920 1
2164772 0
247706 1
2764977 0
1459900 1
397597 1
162762 1
388233 0
1871678 1
1154562 0
1616355 1
302585 1
891132 1
1879648 0
1157583 0
1300016 0
920657 1
216621 1
1981190 0
550885 1
1395092 0
716085 1
1046054 1
437859 1
250964 1
1169461 1
1440927 1
5609090 0
1103537 1
1510678 1
4066797 1
3212993 1
199686 1
1433040 1
2498410 1
830444 0
768464 1
531449 0
1470943 0
412140 0
487561 1
683275 1
2822718 1
979795 0
3642577 0
296909 0
3223589 1
874204 1
2137858 0
496673 1
318397 1
645914 0
826222 1
1609016 1
2888942 0
755980 1
2077267 1
1318007 0
1410918 0
393657 1
1498839 0
192230 1
696709 1
2134622 0
376762 1
841187 1
544428 1
1123925 1
1951198 1
677856 1
565784 0
3419013 0
1396697 1
583749 0
1727981 1
1477245 1
886962 0
489031 0
433175 1
194528 0
5368391 0
876381 1
1772216 1
1019542 0
1019655 0
1523664 1
1138944 0
979091 1
713757 1
3220053 1
1033073 1
514625 1
1870797 1
1192633 0
1728451 0
758545 0
160658 1
357803 1
710678 0
3379879 0
483469 1
2009266 0
1252846 0
443662 0
450078 1
1217236 1
719043 1
802851 0
1181186 1
687040 0
4410421 1
3446317 0
1260420 0
518037 1
459876 1
1177444 1
1330353 0
137921 0
1918475 1
1052579 1
1114389 0
1133129 1
289854 1
964643 1
1298305 0
1320642 1
3524297 1
940817 0
241968 1
703938 0
417889 1
2690592 1
375268 1
277917 0
297689 1
1095560 1
461380 1
713172 0
1134755 1
2235273 0
408452 1
1824934 0
1452987 0
493112 0
2137269 0
528003 0
1162676 1
599527 0
766089 1
831081 0
2643002 1
334118 1
4586986 1
3154147 0
1202518 0
306238 1
1073148 0
820706 1
2396162 0
644366 0
316256 1
2512069 0
680841 1
2146615 0
967174 1
1021484 0
886962 0
1066572 0
1747346 1
6731565 0
656579 1
506649 1
2334811 0
639965 1
810988 0
4279314 1
1033262 1
921776 1
1627306 1
1184252 1
1780896 1
379699 1
1371734 1
726193 0
460201 0
2051433 0
394805 0
353534 1
881566 1
3020503 1
317695 1
477900 1
508912 1
612615 0
531035 1
4973321 0
2243960 1
2355987 1
318786 1
479814 1
1606873 1
1901504 0
177875 1
812580 1
522797 0
880149 0
219248 1
2362955 0
711894 1
578484 1
559518 1
699253 1
1026278 0
589682 1
1775398 1
570952 0
811025 0
1218879 1
564441 1
988380 0
582013 1
760806 1
3085576 0
1454343 1
383263 0
3049689 0
1698950 1
999527 0
631791 0
137921 1
225883 1
2051433 0
2059683 1
3027074 0
584742 1
509622 1
593645 1
327100 1
991451 0
1448428 0
2694874 1
451670 0
1515542 0
1737178 1
474298 0
1576845 1
711572 1
1204278 0
1442402 0
1157830 1
1361828 0
666551 1
1774815 1
300289 1
172770 1
944178 1
77006 1
1974631 0
3800937 0
2648498 0
756571 1
2480518 1
1560279 0
1128705 1
768980 1
2415700 1
780954 0
5800864 0
2032784 1
2451529 1
549794 0
531790 1
589770 1
2071018 0
532970 1
420623 1
1764661 0
1329872 1
2979363 1
1285765 1
7916314 0
3954005 0
5953334 0
2929266 1
1077009 1
420775 1
1482204 0
1894990 1
821729 1
1461888 0
572044 1
772449 1
329340 0
1609767 0
5786944 1
785603 0
386696 0
2430586 1
1609196 0
348583 1
420703 1
2737857 0
685436 1
618442 0
2241773 1
1419637 1
1764141 0
891627 1
3623035 0
644177 1
1062832 1
180845 0
2688903 0
296504 0
3446607 0
1213043 0
223477 1
1028373 1
2648217 0
355717 1
590861 1
3206774 0
2244349 0
2456293 1
1212711 1
253109 0
1347157 0
2727742 0
2259124 1
355281 1
1827665 0
2152339 0
2068669 1
474245 1
1599199 1
911900 1
541650 0
1466053 1
749567 1
903179 0
615583 1
859613 1
1362563 1
996722 1
1119236 1
757944 1
2829858 0
809165 0
2087898 0
652065 1
197239 1
297171 0
3314159 1
806598 1
1117530 1
2102515 0
888569 0
3246192 0
8498859 0
1576904 1
4163222 0
1918272 1
485316 1
214474 1
1196826 1
744750 1
192390 0
265596 1
790183 1
3130571 0
6948045 0
427668 0
1090013 1
840675 0
1310462 0
233855 1
541650 0
1589608 0
923096 1
1200265 1
1414639 1
2826984 0
550327 0
577504 0
968819 0
522790 1
340720 1
1019153 0
591723 0
2146385 1
4621653 0
1708975 1
144213 1
143626 0
862454 1
1580938 1
838383 1
9812484 0
1462158 0
120160 1
979196 0
2050437 0
1961639 0
4604673 1
1064467 0
1689085 1
983442 1
1693941 0
2760195 1
884913 0
1154691 1
252587 1
1770721 1
5627554 1
330869 1
4591269 0
387289 1
879063 1
436584 1
4322141 1
692171 1
489026 1
326204 0
2093695 1
1323157 1
745055 0
3159120 0
2149347 1
607725 1
313276 1
1404773 0
2074081 0
1563394 0
1033937 1
2303179 0
886980 1
