97271 1
40624 0
73214 1
128408 1
134366 1
41825 1
157038 1
152119 1
258825 1
148950 1
147976 1
95881 1
160443 0
71020 0
141280 1
169832 1
50903 1
109707 1
349905 1
109431 0
171025 0
302413 0
144769 1
66362 1
324699 0
110026 0
142385 1
92920 1
116348 0
207726 0
87762 1
146880 1
278895 1
184480 0
207338 1
251480 1
173818 1
158785 1
128460 1
48249 1
89215 1
136254 1
89957 1
241004 0
97295 1
88473 1
324694 1
94536 1
179517 1
142835 0
308148 0
65578 0
73214 1
109078 1
107624 0
208022 0
130795 1
185017 0
98999 0
89874 1
90002 1
110612 1
61943 1
84913 1
225959 1
110329 1
135917 1
280496 1
141279 0
59121 1
193377 0
103399 1
167470 1
176656 0
51642 1
35365 0
63282 1
52587 0
187615 1
159518 1
161459 1
41833 1
133520 1
280415 1
78072 1
79040 1
99483 1
216192 1
98520 1
57124 0
153607 1
117772 1
127416 0
69746 1
153240 1
41493 1
85843 1
191883 1
161876 0
116869 1
139456 0
120811 1
184869 1
83982 1
311208 0
124544 1
56398 1
366329 0
220442 1
50189 1
159572 1
158981 0
93194 1
98892 1
133678 1
175540 1
139624 1
127000 1
236271 0
342554 1
108327 1
72210 1
110923 1
69233 1
127150 1
85130 1
293350 1
220943 1
106793 0
71420 1
150269 0
48641 1
76984 0
152347 1
264536 0
183970 1
120811 0
93194 1
163232 0
95416 1
314133 1
188850 0
138912 1
61544 1
67399 0
74570 0
93307 1
157083 0
391708 0
143988 1
76772 1
324887 1
152216 1
250916 1
181890 1
104699 1
45553 1
192818 1
13070 1
108316 1
90941 1
47210 1
136818 0
79277 1
155916 1
57625 1
359044 1
58853 1
86845 1
50394 1
181633 0
226242 1
181725 1
78525 1
231232 1
113040 1
107096 0
76294 0
60777 1
126267 0
61314 1
128668 1
82787 1
47922 1
307797 1
216314 0
81180 1
237149 1
189340 1
84672 1
190714 0
109055 0
225142 0
215262 0
247339 0
287032 1
80342 1
40954 1
61114 1
155864 1
74574 1
164584 0
60554 0
382285 0
348863 0
47646 0
179493 0
84184 1
251449 0
298245 1
100995 0
37770 1
84672 0
200460 0
189036 1
44284 1
208132 0
218002 1
131026 1
113810 1
233225 1
145948 1
220024 0
46069 1
33611 1
165966 1
139316 0
145319 1
155113 0
164929 1
277136 0
66601 1
220962 0
161764 0
52375 1
202411 0
228359 1
90826 1
121758 1
469237 1
138877 0
145302 0
73733 0
220948 0
95376 0
48801 1
182778 1
190075 0
265686 0
136682 1
165966 1
119291 1
288464 1
250444 0
121879 1
264626 0
34821 1
56640 1
29500 1
236451 0
91790 0
87190 0
117608 0
136682 1
121024 0
136826 1
144851 0
91755 1
596488 1
122236 1
118610 1
63947 1
206321 0
54013 1
305824 0
243770 0
66573 1
55804 1
18026 1
323541 1
191683 1
371510 0
387862 0
119762 0
134568 1
158047 1
309215 1
109618 1
228508 1
67877 1
118184 0
55437 1
343711 0
108394 1
104023 1
71573 0
351972 0
193908 1
157133 0
90385 1
119291 1
115881 1
54910 1
112796 1
298245 1
84784 0
174097 1
48695 1
145948 1
127040 1
244301 0
199907 1
99753 1
75694 1
312693 1
120622 1
149326 1
79621 1
280760 1
131208 0
292282 1
201158 0
43772 1
30344 1
103415 1
112446 1
304206 0
104725 1
90998 1
66264 1
70114 1
64000 1
108089 0
536643 0
154700 0
90657 1
113261 1
118560 1
114171 1
98541 1
165558 1
193477 0
93581 1
326697 0
154742 1
116223 1
124541 1
136499 1
141853 1
200858 1
244703 1
81362 1
127628 1
191481 1
121779 1
45594 1
140460 0
91033 1
56774 0
152058 0
43992 1
46468 0
79253 0
164121 0
251932 0
225952 1
54447 1
230608 0
148731 0
72195 0
84304 0
142965 1
93271 1
71350 1
201333 0
143781 1
176053 1
196115 1
175605 1
264410 1
129224 1
86905 0
131363 0
110728 0
189976 0
69957 1
335477 0
96200 1
93510 0
265877 0
84897 1
158487 0
214128 0
246448 0
203331 0
213572 1
340956 0
128817 1
122113 1
233600 0
151982 1
81939 1
57627 1
43323 1
95041 1
63714 0
89732 1
177265 1
76830 1
226134 1
187018 1
336410 0
248754 0
242708 0
60112 1
74875 1
59186 1
260387 0
291845 1
81046 0
159582 0
183207 1
55362 1
115758 0
168183 1
94358 0
223237 0
131091 1
20933 1
97399 0
162815 1
255085 0
180921 0
309000 0
186474 1
199560 0
88404 1
36563 1
144142 1
97992 0
333426 0
310049 0
154063 1
55313 0
68281 1
99610 1
141280 1
150198 1
62789 1
253564 0
237999 1
159489 0
45619 1
417490 0
88632 1
97279 0
69867 0
110555 0
546780 1
177927 0
149047 0
106990 0
310498 1
72374 1
117848 1
312525 0
99529 1
328891 1
136366 1
99749 0
69051 1
62812 0
232211 1
169988 0
199560 0
51435 1
127746 1
208034 0
275370 0
90118 0
124482 1
58635 0
285898 0
111597 1
213705 0
64150 1
126668 1
134235 1
47834 0
175954 1
238249 1
211898 0
264200 1
186529 1
279847 0
157735 1
53100 1
185273 1
273485 1
146780 0
88989 0
161354 0
128049 0
89857 0
64637 1
92076 1
376317 0
156099 0
659936 0
58702 0
184796 1
250357 1
321951 0
60992 1
62509 1
82361 1
259184 1
242725 1
275888 1
114529 1
229119 1
170234 0
200918 0
51951 1
270576 0
47780 1
180754 0
187706 0
61551 1
121965 1
49725 1
269045 1
180353 1
117885 1
72713 0
361721 0
183243 0
170036 0
165599 1
133633 1
92234 0
73352 0
171423 1
51925 0
450966 0
101021 1
273772 0
199790 0
191314 0
202018 1
118427 0
166684 0
100914 0
207456 1
212489 1
90669 1
282153 1
179536 0
268008 0
111362 0
53677 1
56599 1
136799 0
204926 0
95617 1
306227 0
133140 0
74281 1
67956 1
240122 1
94702 1
199719 0
126230 1
84797 0
206863 1
300810 0
176781 0
109702 1
115576 1
314885 0
175269 0
39064 0
127732 1
146813 1
130615 1
137470 1
118110 1
156365 0
201518 0
103965 1
246330 1
181997 1
55760 1
84202 0
76931 1
413810 1
128076 1
81903 1
49762 1
105029 1
155786 1
104571 0
109105 0
488764 0
67211 1
201310 0
159510 0
113298 0
220146 0
100602 0
163856 0
123592 0
111438 0
158217 0
388929 1
54902 1
237398 0
257673 0
438673 0
297331 0
240455 0
142765 0
132514 0
86729 0
72832 1
404250 1
157352 1
178822 0
103199 1
181120 0
92234 0
130797 0
164301 1
484643 0
88938 0
106893 1
346699 0
90920 0
137165 0
241547 1
111413 1
208188 0
378340 1
176344 0
173656 0
158635 0
179415 0
182703 0
80765 0
218115 0
69220 1
65572 1
152266 1
288953 1
110317 1
113644 0
73637 1
136549 1
92992 0
162743 0
164843 1
196489 1
53837 0
83251 1
207982 1
230161 0
67205 1
96152 0
118025 0
163109 1
52564 1
240655 0
85237 0
135746 1
130160 1
165560 1
183581 1
112471 1
149727 1
130504 0
109544 0
122148 0
107824 1
92969 0
97086 1
88355 1
371622 0
256379 1
66820 0
276454 0
255320 0
134400 0
173541 0
39064 1
63714 0
218115 0
234955 1
594915 0
98098 1
123285 1
104769 0
46094 1
180927 0
222149 0
320550 1
119837 1
123706 0
131506 1
89596 0
192614 1
140740 1
160892 0
295305 0
246145 1
112552 0
120449 1
263066 1
60973 1
34664 1
111199 1
49442 1
278520 0
219670 0
254174 0
124978 1
300653 1
183856 0
103247 1
74950 1
341517 0
106842 0
568601 0
140925 1
321784 0
50476 1
84753 1
125693 1
265392 0
155826 1
68021 0
169321 1
201510 0
304151 0
179243 1
422409 0
282536 0
240878 0
322826 1
74358 1
83875 1
207341 0
137820 1
102169 1
149242 0
72441 1
131638 1
84392 0
541306 1
517170 1
92560 1
125924 0
352545 1
197537 1
46699 1
53383 1
244396 0
186477 1
86792 0
248364 0
191457 0
226029 0
210559 1
345475 0
164483 1
147637 1
69929 0
272038 0
70070 0
203183 0
281605 0
67265 0
109285 0
162344 0
92432 1
105360 1
203521 0
235091 1
155447 0
173550 1
53263 0
149489 0
366819 0
275954 0
44950 1
303283 0
274474 0
199389 0
127188 1
210708 1
127596 1
125012 1
109661 0
109032 1
110844 0
112322 1
123536 1
297040 1
164659 1
85778 1
101669 1
464752 0
131529 0
274318 0
127632 1
61994 1
97581 0
292864 1
161156 1
167235 1
264654 0
175850 1
255123 0
456632 0
310775 1
205982 0
330596 0
137560 1
26503 1
132867 0
110457 1
55689 0
39041 1
158386 1
203054 0
501425 0
115932 0
151232 0
207334 0
237631 1
59565 1
125012 0
237055 0
104546 0
112502 1
208899 1
363837 0
110417 0
75759 1
112149 0
91334 1
88118 1
97979 1
108800 0
385702 0
215262 0
201885 1
29187 1
80296 0
140431 1
361826 1
177318 0
304742 1
216293 0
33545 0
172745 0
239483 1
164631 1
378434 0
146647 0
197496 1
100702 0
276867 0
174068 1
240663 0
210162 1
33735 1
153101 0
193740 0
75676 1
313832 0
57146 1
156577 1
117642 1
475807 0
77658 0
66841 1
66652 1
305370 0
320460 0
232710 0
218236 1
365990 0
112915 1
62969 1
303734 0
327439 0
147799 0
83236 0
222918 1
190037 1
