6070825 1
1915965 1
1237386 1
7682909 1
4580266 1
1010608 1
10392449 1
7329678 1
23157295 1
7673770 1
4953323 1
2583047 1
7351964 0
1230586 0
8112781 1
5935199 1
1451703 1
5791286 1
23181395 1
8608469 0
16592620 1
10069869 0
12251579 1
4867884 1
8141380 0
4685967 1
20408113 1
4005863 0
3627259 0
12830387 0
3101839 1
9540720 1
3958867 1
17827772 0
4707217 1
8055245 1
9674504 1
4543376 1
3057778 1
767703 1
1719430 1
7301877 1
3550003 1
8206169 0
2396110 1
1924853 1
15063639 0
5313585 1
14617821 1
4386967 0
32505963 1
812338 0
1237386 1
2664935 1
2574630 0
12439175 0
5739932 1
2678498 1
593043 0
2686652 1
2688271 1
9574731 1
4243448 1
1973350 1
9046601 1
6168242 1
1896456 1
7314062 1
4439251 1
889394 1
9841894 0
6138520 1
7941959 1
4995333 0
1404261 1
5261751 1
931816 1
2366405 0
9450163 1
10341490 1
9423804 1
899162 1
2568912 1
42884053 1
717149 1
3929669 1
4196891 1
13544678 1
2703183 1
618176 1
16540816 1
2478303 1
7316465 1
2119860 1
6625716 1
240386 1
1894715 1
8043198 1
15547621 1
53638136 0
1910008 0
3866990 1
9672098 1
8232850 1
11251810 1
5496549 1
1820381 1
41467758 0
2549733 1
345485 1
7416765 1
6644602 0
13469858 1
6192365 1
1927287 1
10947775 0
10308446 1
5776198 1
8139072 0
9764804 1
3031535 1
713324 1
1395967 1
2170015 1
5608292 1
286528 1
20777169 1
44593539 1
4154607 0
694852 1
5264373 0
1900515 1
1147316 0
14659537 1
22055547 1
6640013 1
3866990 0
13469858 1
12289655 0
4238887 1
23720589 1
2692865 0
2262249 1
1941684 1
2015799 0
3211439 1
4301880 1
7725355 0
11213776 0
3260526 1
554229 1
10880888 1
7068793 1
21514734 1
4212091 1
899155 1
1092899 1
4441494 1
567567 1
570507 1
1764175 1
481947 1
8863551 0
2152211 1
2277217 1
1775985 1
22165971 0
551792 1
982410 1
5582353 1
4397934 1
9054478 1
19045796 0
1520874 1
11618037 1
2050077 1
4045976 1
1181640 0
1426912 1
11499484 0
1084488 1
3240313 1
2273018 1
371037 1
13368457 1
13143275 1
1476173 1
4761674 1
12668422 1
3005996 1
4330551 0
8548421 0
8697803 0
34602823 1
11802591 0
14143908 1
4905135 0
550904 1
3615856 1
2590463 0
6049840 1
5799081 1
1129962 1
15795139 1
11421199 0
483109 1
7253328 1
3675207 1
29550227 1
25715471 1
5015129 0
1486850 1
4458944 0
24125344 0
4705516 1
4223981 1
27212439 1
2852926 0
601182 1
2555837 1
3102645 1
15392533 1
13761646 0
3321706 1
3376782 1
5869467 1
4102708 0
10805410 1
4473348 1
1509976 1
6521270 1
3903196 1
8241476 1
3814507 0
2454219 1
7948094 0
14778830 1
2630633 1
10171141 1
5004537 1
4435064 0
3612906 1
1394208 0
13367211 1
1448797 0
2520107 1
6718719 1
24072655 1
5679094 0
12768581 1
5869467 1
1412909 1
12513374 1
16619261 0
5791395 1
10366679 0
1097315 1
1479491 1
875796 1
19454705 0
953583 1
4083614 1
2248877 1
12768581 1
18191350 0
2701979 1
1426588 0
3203803 1
25078042 1
1525839 1
4605949 1
1580337 1
3378727 1
2445257 1
10311659 1
17367064 1
1213251 1
1791377 1
985778 1
10628787 0
14058605 1
1947252 0
105077665 0
3589618 0
3185588 1
6011470 0
3273374 1
2543193 1
1914357 1
1417302 1
4427106 1
745130 1
29861244 0
4379371 1
2661977 1
883128 0
4511262 1
24890072 1
2950550 0
4740409 1
1412909 1
3692949 1
1288720 1
5353229 1
25715471 1
4280017 0
13834148 1
2915248 1
15392533 1
655201 1
1821041 0
12702798 1
2683482 1
1765293 1
9139177 1
2021239 0
4171060 1
6110467 1
35999324 0
7809618 0
10950552 1
18801675 0
1199162 1
554737 1
6583076 1
3198075 0
8874558 0
2108541 1
5104083 0
2340983 1
4274624 1
1106331 1
6827372 1
52092290 0
7113646 1
889085 1
1469424 1
12187517 1
2700842 1
1551127 1
11514928 1
7855439 0
1551280 1
30727526 0
1748755 1
7563635 1
19943032 1
12783714 1
6433104 1
2672595 1
3156037 1
1653477 1
2641486 1
6904262 1
1714082 1
1901040 1
1410703 0
1449407 1
1768864 0
4963554 0
1009730 1
659598 1
1538325 0
10159285 1
16618294 0
9368118 0
2379501 1
16088757 0
5681055 0
533983 1
2301774 0
7645190 1
6784549 1
4233510 1
2907685 0
5037051 1
3372288 1
16928443 1
19051371 1
7233111 1
2613527 0
2116254 1
2428071 0
4133358 0
9214844 0
409041 1
41268811 1
3634350 1
10255253 0
3290800 0
1782877 0
9313438 0
4275092 0
27787339 0
26691209 1
16344066 1
6604705 0
6896787 1
9181708 1
10937905 0
3807685 0
981907 1
1339789 1
884326 1
3572915 1
829289 1
4001885 1
12229984 1
3065627 1
5566308 1
5664441 1
9745626 0
16685988 0
6793949 0
905164 1
1196955 1
446588 1
12427300 1
16300380 0
5408797 0
4980439 1
5620719 1
1224112 1
9095826 1
15359624 1
4287678 0
7185858 1
4752847 0
802308 1
1510468 1
1562082 1
23645417 0
15223798 0
29453237 0
6621549 1
5852855 0
558322 1
776626 1
2922400 1
5752710 1
22095827 0
29103272 0
3801341 1
5878609 1
2614963 1
3033406 1
6914785 1
2253353 0
1704446 1
5770470 0
6392541 0
6056402 0
1769250 1
4240022 0
1643796 1
5334524 0
1110002 0
10259828 0
30845586 1
3521846 0
7332285 0
2326458 1
15643893 1
1783522 1
8221481 1
13479660 1
670890 1
3754877 0
6192026 1
1530763 0
722642 1
3096843 0
7033500 1
4859668 0
5852855 0
4500757 0
5026321 1
11923149 0
12613536 0
7407136 0
4880016 1
660574 0
9230105 1
3499474 0
13064910 0
4150273 1
8053486 0
918788 1
1247649 0
6795134 1
5156538 0
32081348 0
4628967 1
5210531 1
8625117 1
26370358 1
1594049 1
10794954 1
36292240 1
9267873 0
2428350 0
1189637 0
8371244 0
953476 0
2653826 1
3189297 1
3229694 0
4488510 0
39778507 0
5247097 0
24978397 1
7455895 1
24551405 0
1792341 1
1033309 1
2741030 1
2349004 1
19780433 1
16756829 1
4066877 1
22817402 1
12298505 0
10728526 0
1558306 0
11040346 0
614461 1
3249810 1
12237724 0
4414841 1
3441864 1
4431933 1
8153696 1
20183693 1
7661587 0
1744274 0
27654346 0
9430245 1
4188433 0
16125732 1
26253577 1
8919553 0
1725187 0
1147542 1
988453 0
22153564 0
3153424 1
13229749 1
10268378 0
8524037 0
7917250 1
3570113 1
11522434 1
5311455 1
21653281 1
5782397 1
3135643 1
11483921 1
4052319 0
12769617 0
4349957 0
793361 1
1279936 1
5952490 1
39409037 1
1493575 0
7273116 0
23596715 0
1918119 0
1328416 1
7258182 1
2831660 1
2002167 0
3683996 1
9470733 1
39440310 0
17692558 0
12113202 0
3462210 1
1148461 1
4528171 1
12605982 1
1154984 0
13795121 1
4411688 1
4622556 0
20677022 0
2249606 1
2554756 1
12435859 0
9351895 1
37750264 1
5425113 0
192245 1
4871796 0
568902 1
19191274 1
931659 1
612878 1
780527 1
7338465 1
4495458 1
4342041 1
6255295 0
55589536 0
973580 1
8767012 0
6654315 0
2513145 0
10320185 0
2903190 0
5588018 0
2410457 0
2635752 1
7271611 0
15166780 1
1005291 1
28970996 1
18184407 0
5363778 1
2522496 1
8060873 0
8705054 0
11343589 0
2787455 0
1567380 1
18454542 1
5322764 1
20579984 0
4376365 0
4560567 0
8919553 0
5482399 0
8553738 1
77390048 1
2251726 1
952982 1
3869724 0
1790635 1
8213781 0
21795637 0
3013871 0
6401657 1
13804675 1
6276951 1
4069594 1
2061832 1
6561364 0
3264080 0
1565894 1
5835917 0
1524496 0
1742286 1
6215640 1
20590854 1
2533248 0
4289467 1
3523459 1
3752640 1
2026555 1
47473575 0
15309513 1
18606858 1
911101 0
1167422 1
12350190 1
15033020 0
841572 1
2396069 1
7050724 0
7537663 0
2912238 1
16912404 0
1311581 1
933507 1
1460261 1
4054755 1
5483610 0
3328169 1
8146846 1
5118674 0
8786377 0
9740096 0
1709439 1
5657536 1
5001976 0
4563034 1
20323063 1
14044180 0
1331041 1
17652708 0
7925029 1
5877246 0
10241528 0
1154984 0
829289 1
5835917 0
5173373 1
12476206 0
5422671 0
1605925 1
8047424 1
716692 1
12176778 0
6100605 0
30249378 0
3116194 1
9142104 1
9718567 1
491527 0
4132076 0
4428725 0
14278589 0
3974069 0
6147253 1
5828423 0
1824779 1
5290417 1
2553472 1
1025904 1
5008622 0
902623 1
21489373 0
17968158 0
8368107 0
2022637 1
21408371 1
7538116 1
6040533 1
6526214 1
8610265 1
7281505 0
35833214 0
2488226 0
14446619 1
3875822 0
1709506 1
2214981 1
15754375 0
1870209 1
2998211 1
10730523 0
9643570 1
19624034 0
14855657 0
43511588 0
28320951 1
23458734 1
31240384 1
5554289 1
1715561 1
8377609 0
15705952 0
1994387 1
19765199 0
4330630 1
6021113 1
1410365 0
12816040 1
48337115 1
5538888 1
6375872 0
15865065 1
21154642 1
1334988 1
1349740 1
12916887 1
8653469 1
5786420 0
26350781 0
21594373 0
7376482 0
10762565 1
25747076 0
5861423 1
12742472 1
1288032 1
20050885 0
661262 0
16204130 1
12350457 0
1191349 0
4661283 0
27328497 0
943712 1
5013527 1
18323554 0
19949207 1
68571398 0
6373207 1
3686793 0
10815009 0
15759741 0
11285407 1
924770 1
14642411 0
14357163 0
12305862 0
1832620 1
8443620 1
4812149 1
2084182 1
16543052 1
8779049 1
3011054 0
2972944 1
3992741 1
8707141 1
4629323 0
5617753 1
2864718 1
32142635 0
2017780 0
15109149 0
2351917 1
1398444 0
2604622 0
34850224 1
3838556 1
14935545 0
14001776 0
6256791 1
31192233 0
68408889 0
7059352 1
48239201 0
16628651 0
673775 1
431081 1
8066303 1
4017798 1
380479 0
1038694 1
4817632 1
33851299 0
54498065 0
1386022 0
4591627 1
8010656 0
11549897 1
1552975 1
2084182 0
12379463 1
9392771 1
9874588 0
9163900 0
28846405 0
3536179 0
3184099 1
8378939 0
3112488 1
1143998 1
5619018 0
2763398 0
31270401 0
40524544 0
17273155 0
631834 1
778087 0
4058039 1
16096475 1
5221112 0
39733516 1
8465653 0
677384 1
3213164 0
13717314 0
12032217 0
22774731 1
3763351 0
11425070 1
4070318 0
15907906 0
5353946 1
9142877 0
9069970 1
648956 0
6806034 1
15006502 0
1116207 1
45332170 0
1173098 1
10150913 1
1952553 1
23131110 1
6044339 1
972039 1
1274701 1
18234947 0
13851440 1
4820569 0
9692706 1
18526343 0
3324705 1
2794567 1
10632298 1
13664098 0
13105023 1
7369843 1
21016325 0
8750881 1
