2531469 1
399250 1
498234 1
925466 1
968295 1
222852 1
2034736 1
2014243 1
4346503 1
1837445 1
1245349 1
541869 1
1735048 0
350651 0
1832420 1
1347327 1
466312 1
990165 1
3256842 0
2123950 1
2710993 1
3982719 0
1570950 1
971276 1
1741537 0
1513583 0
2383857 1
1078334 0
720898 0
2111818 0
888020 1
2614623 1
1101674 1
3623361 0
1734018 1
2595755 1
2776698 1
1275914 1
1283373 1
323362 1
553434 1
798906 1
584891 1
2644212 0
657394 1
623255 1
1593582 1
1252595 1
2089508 1
1177178 0
5009319 0
213308 0
498234 1
763561 1
577155 0
1605973 0
1588340 1
1952858 0
223566 0
583424 1
632071 1
2499388 1
314029 1
660569 1
1297365 1
1385609 1
766534 1
1310882 1
1142192 1
319688 1
2014383 0
1307618 1
1298883 1
730801 0
197312 1
201141 1
336674 1
543431 0
1058468 1
2126237 1
1735426 1
195393 1
874386 1
3900480 1
287118 1
712704 1
616650 1
4819028 1
640106 1
273599 1
3129416 1
918219 1
1300450 1
448004 0
736979 1
148665 1
444165 1
2329424 1
1280004 1
4399487 0
365452 0
662770 1
1936244 1
1200993 1
2561493 1
711095 1
605524 1
4362557 1
1313146 1
100837 1
819657 1
1607443 0
3283779 0
1147425 1
688528 1
2142064 0
1341505 1
1513616 1
1550232 0
1458253 1
804977 0
385896 1
326955 1
677290 1
978896 1
92411 1
5065532 1
7771658 1
859113 0
297995 1
1053057 0
402235 1
338844 0
1974018 1
2983463 1
1760944 1
662770 0
3283779 0
1738664 0
602397 1
2977558 1
1650629 0
470297 1
306516 1
661696 0
634843 0
951841 1
1038763 0
3274092 0
850259 1
474291 1
2311530 1
1741166 1
5289494 1
1608941 1
331799 1
362799 1
1103128 1
123504 1
273446 1
407038 1
121533 1
1027161 0
1145634 1
533639 1
675494 1
2074522 1
375269 1
391527 1
803135 1
1584965 1
1337094 1
3414096 0
704493 1
1818904 1
556101 1
694636 1
417214 0
326977 1
2555195 0
249318 1
894636 1
847860 1
158491 1
5396509 1
1089031 1
406346 1
1382014 1
2980461 1
803184 0
2191600 0
1615241 0
1329213 0
4888090 0
1794029 0
3963652 0
1242726 0
249334 1
534263 1
556648 1
1146654 1
1575204 1
268258 1
2781153 1
2533978 0
303109 1
1137744 0
1012201 1
4248656 1
3279490 1
768404 0
364885 1
1210006 0
4659999 0
1503828 0
620215 1
6404030 1
1582051 1
381957 1
675867 1
1998776 1
2107360 1
3942825 0
1071811 1
667262 1
1038482 1
1194591 0
1519378 1
1292529 1
505486 1
1330342 1
675502 1
1727122 0
1275752 0
301260 1
1682697 0
3848435 1
631726 1
1607131 1
2172729 1
1327012 0
619065 1
380587 0
1585818 0
897643 0
433269 1
1434340 1
2446244 0
1337674 0
1839865 1
1038482 1
699696 1
3304421 1
4501125 0
679493 1
1840101 0
261247 1
291287 0
280312 1
1100282 0
235883 1
847424 0
825032 0
1839865 1
1769559 0
739538 1
574091 0
621419 1
6409132 0
476246 1
834623 1
297552 1
776223 0
952178 1
1833138 0
2557168 1
326666 1
295859 1
121579 1
2131929 1
1730923 1
976699 0
15995716 0
1115492 0
838759 1
1222428 0
486779 0
569421 1
537398 1
228412 1
608100 1
269431 1
4341907 0
1376528 1
381099 1
374382 0
1402838 1
2676559 1
890916 0
1045621 1
699696 1
927460 1
163891 1
1566659 1
3279490 1
753761 0
1867985 1
797910 1
2107360 1
367358 1
771843 1
1648083 1
771698 1
386890 0
2529589 1
507293 0
1353761 1
870862 1
4052044 0
868462 0
2087005 1
2092315 0
311840 1
124326 0
1168510 1
769634 1
1287237 0
612981 1
831333 1
595855 1
869060 1
345308 1
1713844 1
4363144 0
1457191 1
294298 1
564015 1
1785967 1
392215 1
267682 1
683482 1
2817533 0
486342 1
3921116 0
595827 1
1805125 1
3234162 1
2295667 1
1202264 1
663455 1
1362677 1
334077 1
717985 1
2062241 1
612021 1
521560 1
922202 1
284735 1
216882 0
1329450 1
254196 1
207926 1
514750 0
1934459 1
2790580 0
1577443 1
676905 1
3169381 1
1626762 0
254542 1
657349 1
2025702 1
1181295 1
926074 1
643697 0
1953863 1
911596 1
3268056 1
1941420 0
1974908 1
812823 1
716826 0
649899 1
800074 0
1859269 0
179083 1
4178121 1
637805 1
1827894 1
1072774 0
396903 1
1495508 0
1187950 0
3250069 0
2954229 1
3201200 1
2508000 0
1211038 1
2450881 1
2169109 0
831356 0
222694 1
583454 1
327216 1
610675 1
272495 1
713723 1
2682096 1
696662 1
1705255 0
1072162 1
1509927 1
3728555 0
1503542 0
342777 1
605670 1
359350 1
2779746 1
3212392 1
373313 0
1574599 0
1738736 1
352251 1
1206959 0
2214877 1
1147989 0
1536549 1
754739 0
193758 1
483136 1
742754 0
4426673 0
1800619 1
6404808 0
1134617 1
1505206 1
249238 1
213777 1
760560 1
933162 0
1746458 0
2365960 0
831999 0
740870 0
696364 1
648215 1
920999 1
728780 1
344051 1
2027377 0
1713698 0
1529894 0
414086 1
1967121 0
682204 1
818037 0
299162 0
1890798 0
3322202 1
810083 0
1248920 0
686994 1
1922054 1
664228 1
2190853 1
1934341 0
460838 1
3431393 1
2041435 1
408440 0
293065 1
1562341 0
1754074 1
1396625 0
1505206 1
504306 1
1187433 1
1582284 0
1953038 0
1390390 0
1035813 1
223256 0
1754454 0
808264 1
1967209 0
787274 1
1557822 0
627021 1
247806 0
2027740 1
1401176 1
5893176 0
1649756 1
2269240 1
3857204 1
3001015 1
306657 1
2127913 1
2548973 1
959156 0
725558 1
383233 0
1395179 0
338217 0
457514 1
801192 1
2424079 1
1005712 0
3569236 0
436724 0
2116144 1
1712679 1
3225422 0
432327 0
289307 1
960530 0
618544 1
3438229 1
1728365 1
1380176 1
2543714 1
1119204 0
2777895 0
355732 1
1653438 0
199634 1
927721 1
3253594 0
541973 1
522327 1
578222 1
1321596 1
3078746 1
1398313 0
455640 0
3060584 0
1286834 1
719619 0
2495157 1
2898544 1
1443037 1
496072 0
385303 1
227722 0
2546945 0
682084 1
3959335 1
1463213 0
1468462 0
2895458 0
1275500 0
1910293 1
1359819 0
3836229 0
1594127 0
946533 1
1360898 1
814663 0
1525530 0
1059967 0
208008 1
257840 1
1386083 0
4608025 0
576612 1
2118210 0
2012629 0
438935 0
484292 1
1219905 1
917661 1
930029 0
1292074 1
1106873 0
5575333 0
2516241 0
1475359 1
662378 1
367019 1
752720 1
2098695 0
367874 0
2804849 1
774219 0
1667883 1
803284 1
692167 1
897962 1
1694144 0
1629157 1
4603542 1
1343241 0
184085 1
1059576 0
510359 1
2907529 1
682924 1
789470 0
550665 1
1266818 1
1196942 1
712326 1
1303981 1
4812049 0
489942 1
1897065 0
1431695 0
689313 0
2989750 0
809175 0
947650 1
679245 0
1221474 0
1137581 0
4178694 1
363605 1
5477103 1
4298743 0
791303 0
624263 1
1571893 0
1516088 1
1085998 0
576370 0
392453 1
2100571 0
1891907 1
2603708 0
1087464 1
1138770 0
1443037 1
1272658 0
2048085 1
6945696 0
825865 0
200483 1
3549693 0
941214 0
1027621 0
3095472 1
1059065 1
1083558 1
1402184 1
1734760 1
1826062 1
506267 1
1299275 1
1241013 0
566904 0
2083318 0
437950 0
345273 1
1361696 1
3522749 1
601297 1
984977 1
918899 1
967392 0
655585 1
5439060 0
2294952 1
3092629 1
276494 0
430264 1
2626744 1
1557061 0
190166 1
1022691 0
1042559 0
1236112 0
443651 1
2793381 0
544670 1
775933 1
603491 1
578551 1
1219609 0
1042242 1
1841484 1
1202432 0
1579887 1
1151901 1
706170 1
1443321 1
703537 1
779242 1
3729406 0
2276147 1
299181 0
3449473 0
1858777 1
1190321 0
793359 0
367874 1
272495 1
2083318 0
1112602 1
4345995 0
712759 1
596253 1
1225830 1
507053 1
1328940 0
1218287 0
2835727 1
697314 1
2130039 1
2329978 1
320737 0
1612524 0
907520 1
1854019 0
1484214 0
1113385 1
949597 0
569125 1
2536694 0
634626 0
138924 1
824980 1
284670 1
2235502 0
5748085 0
2287748 0
861035 1
2706207 1
1934318 0
1481614 1
1164130 1
2586128 0
836939 0
7526739 0
1456428 1
2447860 1
741393 0
399323 1
1014028 1
3127442 1
472297 1
513970 1
1520358 0
1215801 0
2458940 1
2712309 0
7988373 0
5934909 1
4673450 1
4581663 1
1401502 1
505518 1
1075236 0
1479722 1
788705 1
1889537 0
973973 1
1687256 1
392731 0
2224735 0
6335508 1
1138353 0
895734 0
3271861 1
3669447 0
467268 1
493397 1
3310929 0
1377950 1
734709 0
2124719 1
2807291 1
1591590 0
1249438 1
5174547 0
765230 1
1205416 1
170611 0
2852558 0
374063 0
3156091 0
1933342 0
190981 0
743194 1
4181100 0
379728 1
966612 1
4426738 0
2428791 0
4148260 0
1338674 1
514877 0
1655116 0
3078227 0
1923320 1
339618 1
1816458 0
3690534 0
2329393 1
563287 1
1338512 1
952286 1
485493 0
2381993 1
1283336 1
814335 0
404627 1
856421 1
3091201 1
1885010 1
739054 1
687784 1
3838409 0
985940 0
3542323 1
1183880 1
260074 1
387183 0
2602657 1
982191 1
1619557 0
2090439 0
1224701 0
3277171 0
7850646 0
1669500 1
4244962 0
2201794 0
553014 1
372176 1
1962759 0
1092443 1
138300 0
279925 1
1546475 1
4574241 0
8317515 0
749071 0
1167049 0
1156343 0
1477633 0
470606 1
485493 1
1343157 0
1402981 1
2466993 0
2115129 1
3415302 0
607955 0
822142 0
1102057 0
720231 1
648592 1
1213742 0
752790 0
3877145 0
3678987 0
2204442 1
171598 1
250576 0
594330 1
1627640 1
785605 0
5262568 1
2152561 0
200183 1
493449 0
1762723 0
2925962 0
3396966 0
1667849 0
2061600 1
1134713 1
2968341 0
1261503 1
1254223 0
1914353 1
427172 1
2497662 1
2746252 0
471834 1
5683544 0
345993 1
952118 0
522435 1
4759481 0
1223600 1
528247 1
386121 0
2844948 1
1182489 1
1083170 0
4579466 0
3271870 1
900120 1
534375 1
1591851 0
3873569 0
1796310 1
1129976 1
2977822 0
1568314 1
