6892808 1
1827502 1
1628144 1
8899620 1
6047389 1
944217 1
8155964 1
9978586 1
26123647 1
10447830 1
6268730 1
2564537 1
7237340 0
1077230 1
12796584 1
6137730 1
1939618 1
6738119 1
24710574 0
9413829 0
13373017 1
10368297 0
6920711 1
4692330 1
10202271 0
5256317 1
12525077 1
3322395 0
4208689 0
9017386 0
3848472 1
10228403 1
5496618 1
26051810 0
7916660 1
7218255 1
12092015 1
5195599 1
3339892 1
454619 1
2210366 1
3919998 1
3592429 1
6542520 0
2270863 1
1983044 1
9252694 1
6085442 1
16489202 1
3811624 0
38147988 0
909286 0
1628144 1
3742864 1
2620646 0
14823133 0
7648632 1
6119189 1
1035310 0
2400154 1
2282396 1
15458949 1
3554979 1
2976817 1
8731160 1
8200699 1
3261582 1
6564391 1
3606923 1
1080750 1
10239891 0
5392942 1
9101169 1
4695974 0
756396 1
1456320 1
1243116 1
2419154 0
10125713 1
12104026 1
9001930 1
814255 1
1946497 1
42213010 1
735062 1
2940992 1
5178906 1
22089474 1
5411627 1
1278931 1
20942404 1
2934612 1
11240759 0
2095585 1
6438153 1
208428 1
1469305 1
6179978 1
10602341 1
21256135 0
1380323 0
4768195 1
12394086 1
7259998 1
8922390 1
5622859 1
2298973 1
46527696 1
3335059 1
558972 1
7270689 1
11431987 0
13699495 1
6661362 1
1435568 1
10049602 0
8526601 1
6528676 1
6744126 0
12473764 1
5662159 1
1169795 1
1738674 1
2709215 1
7550318 1
413414 1
26729917 1
0 0
6738117 0
843515 1
5388968 0
1468097 1
1093643 0
18344646 1
20175220 0
7682119 1
4768195 0
13699495 1
13793971 0
2688448 1
18025680 1
3737805 0
2092122 1
1518045 1
1922432 0
2717951 1
2625421 1
6537373 0
19560090 0
3176835 1
439938 1
10535929 1
7057369 1
43077028 1
5837243 1
1474368 1
992876 1
5284278 1
487456 1
632172 1
1838521 1
404635 1
14499895 0
2351748 1
2226385 1
1508931 1
19082193 0
440456 1
1407083 1
5602453 1
3718949 1
7403424 1
17056666 1
1272606 1
9850202 1
2381252 1
3684867 1
1137397 0
1289614 1
14577393 0
897671 1
3013781 1
4251396 0
479880 1
13613457 1
10567532 1
1383255 1
12026651 1
16466325 1
2423787 1
5080753 0
11296831 0
10954343 0
57248080 0
19019683 1
16736012 1
5889496 0
805880 1
2042591 1
2758281 0
6202796 1
6363320 1
1147004 0
28439085 1
15299397 0
510184 1
9725055 1
2914001 1
35860151 1
25485780 1
6487515 0
924687 1
3279036 0
25462731 1
5302696 1
2454631 1
33349279 1
4446016 1
703602 1
2895012 1
6168106 1
16482987 1
13707242 0
2996947 1
3842199 1
6748531 1
8394123 1
13294285 1
3403870 1
2501079 1
8360478 1
5046842 1
9886891 1
6880745 0
2207554 1
12427357 0
17477317 1
2157007 1
11664525 1
7081998 1
4437836 0
3908831 1
1449959 0
17228053 1
1936177 0
2184825 1
8090478 1
23246276 1
10689107 0
16535588 1
6748531 1
1080318 1
18401214 1
23883044 0
8214434 1
18810650 0
805653 1
1294442 1
637464 1
15183741 0
746227 1
4303526 0
2192272 1
16535588 1
20479379 0
2680979 1
1726967 0
3777005 1
27486284 1
1698111 1
3749457 1
1347483 1
2659959 0
4435736 1
12120899 0
19190224 1
1192051 1
1652449 1
1412565 1
11241204 0
20470732 1
3626611 0
69190108 0
4875414 0
3832688 1
5109121 1
2475894 1
2237326 1
1925799 1
981374 1
3585401 1
1057644 1
34179021 0
3161423 1
2675746 1
758428 0
6594336 1
14576778 1
4249298 0
4977049 1
1080318 1
4406552 1
1152174 1
6551853 0
25485780 1
5563713 0
17367153 1
2203760 1
16482987 1
801484 1
1794077 0
10316530 1
2367534 1
1141983 1
11013956 1
2060606 0
5820714 1
6910003 1
28113966 0
9943579 0
14742160 1
16682901 1
1106309 1
422736 1
8225358 1
3801212 1
12808023 0
2384636 1
7280651 1
2983867 1
5839221 1
881940 1
5853943 0
60171009 0
7778830 1
818572 1
1758266 1
12053460 1
2272065 1
1425805 1
9233337 1
8038793 0
1511979 1
27617827 0
1836721 1
8512028 1
32882635 1
13498444 1
8461309 1
3195829 1
3298484 1
1196988 1
3568159 1
6540999 1
2152769 1
2276179 1
2598421 0
1723718 1
2178195 0
2334565 0
1385537 1
559799 1
1513798 0
10844188 1
14128939 1
8497122 0
2103059 1
10348598 0
10045038 0
553114 1
4362134 1
7430116 1
7061687 1
3883730 1
5197953 0
5621501 1
2985551 1
25290399 1
15127429 0
17650157 1
5120068 0
3600792 0
3218000 0
5056697 0
7493702 0
513986 1
71006960 1
2417703 1
15082651 1
3479131 0
2202922 0
13417102 0
5556331 0
27836953 0
34482014 1
9227633 0
13442616 0
5944706 1
12988678 1
18061389 0
5037308 0
1121356 1
2407726 1
444190 1
3182450 1
663351 1
3530691 1
11596365 1
1775709 1
7987374 0
7017210 1
8467341 1
28663665 0
4853677 0
795253 1
1757164 1
537258 1
7771306 0
17689142 1
5268033 1
4120743 0
5310884 1
1742763 0
10385764 1
13862736 1
5767550 0
7907103 1
4383867 1
522385 1
1691807 1
2399486 1
29873150 0
13958857 0
34845259 0
8073575 1
6569940 0
579150 1
836689 1
2054861 1
4618788 1
16564361 0
20541990 0
4888166 1
4844745 0
2089578 1
4059434 1
3550557 1
4808226 0
1660312 1
3095894 0
9538167 0
5022458 1
1911357 1
5345179 0
1658635 1
4712172 0
1527960 0
13301833 0
18025390 0
4984162 0
6880286 0
2257904 1
22521000 1
1899059 1
9052248 1
7111129 0
1011420 1
22691745 1
6417279 1
1809409 1
1066837 1
2543278 0
13324781 1
10024844 0
6569940 0
2441441 0
6187746 1
15149845 0
9727843 0
8164981 1
5496236 1
722777 0
8358600 0
5176651 1
9738322 0
4854042 1
9465635 0
710144 1
1562988 0
7598051 1
8992476 0
36283102 0
7105088 1
11916615 1
15627474 1
19510025 1
1239088 1
11989950 1
25749071 1
10600141 0
2899250 0
1402597 1
6893092 1
843262 0
1971966 1
4105608 1
3216638 0
3888617 0
16876881 0
4179851 0
22230813 1
8335971 1
26118458 0
2997932 1
1097816 1
4269026 1
2077971 1
14291264 1
18191658 1
4547480 1
18721851 1
6021855 0
15522446 1
1053606 1
11467840 0
477852 0
2357942 1
19222733 1
3345012 1
3040241 1
2088594 1
9671518 1
19100566 1
3780663 1
1425398 0
25063321 0
10726178 1
2996221 0
26426771 1
13111899 1
8696910 1
2541419 0
1374071 1
946380 0
21988482 0
4558555 1
8194391 1
13097399 0
5705713 0
8871064 1
2765172 1
8197873 1
5266946 1
40911154 1
6865048 1
3029185 1
7380159 1
5157404 0
16715139 0
4141418 0
563438 1
1184812 1
7696424 0
40543213 1
1754605 0
6116518 0
10098919 0
2086860 0
1727145 1
6258507 1
3339845 1
2630261 0
4829270 1
8380307 0
50017035 0
26402885 0
10556423 0
4245420 1
1456908 1
4525093 1
17065868 1
1042158 0
15174268 1
6102850 1
5600732 1
26491072 1
2102845 1
2878235 0
14828416 0
10022178 1
32401533 1
6055849 0
384393 1
5024958 0
2033117 1
26188964 1
937006 1
649194 1
750931 1
6172508 1
7790963 1
4047101 1
10092478 0
44333475 0
2000356 1
8419451 0
9689736 0
2782099 0
11458384 0
3204801 1
5735240 0
2476987 0
3764580 0
5828038 1
24963821 1
1837844 1
33488477 1
28531275 0
6257640 1
2537879 1
6979807 0
11262590 0
7025557 0
2682623 0
1847603 1
18804894 1
4883714 1
34686218 0
6131731 0
6668921 0
8696910 1
3890724 0
6645773 1
48279425 0
2084537 1
928715 1
4134664 1
2351299 1
5373225 0
12811216 1
2419086 0
7751344 1
14406723 1
6462315 0
10915809 1
2562397 0
5644106 1
3830400 0
1671970 1
8747074 0
1581990 0
2080005 1
5130795 1
26999626 1
1309805 1
2622552 1
6170971 1
3871066 1
2969551 1
44283764 0
15138369 1
16560986 0
1427748 1
1588014 1
8251940 1
15123985 0
878611 1
3629435 1
4833896 0
5545423 0
2431299 1
30416320 0
1635561 1
778519 1
1862195 1
5227109 1
5842276 0
3418213 1
14207658 1
8636655 0
9509360 0
7733328 1
2214479 1
6752484 1
5823922 1
3412804 1
29717083 0
13138449 1
1509021 0
19785123 0
13946462 1
7331202 0
9994347 1
1042158 0
663351 1
8747074 0
3283213 1
15799256 0
6551798 1
1960990 1
7358578 1
526179 1
7580999 0
9006217 0
46244944 0
3246877 1
13380137 0
10917528 0
481572 0
5755066 1
4284837 1
12861634 0
5275353 0
7777504 1
5786706 0
3252228 1
6084778 1
1735194 1
793568 1
4561868 0
828585 1
20776318 0
12816664 0
13273079 0
3294625 1
22984940 1
7554997 1
4115430 1
6559272 1
11420782 0
5353352 1
34259895 0
4080719 0
16671535 1
3278295 0
1870657 1
1921790 1
11095372 0
1364306 1
3003463 1
14150111 1
5793032 0
34110254 1
7615560 1
65192389 0
48654038 1
43508103 1
26434962 1
5270955 0
1614603 1
5506771 0
10932687 0
1790663 1
15172960 0
4422043 1
7653813 1
1719925 0
10909479 1
87575271 1
4556159 0
1418737 0
13606694 0
17008076 1
1452089 1
1374519 1
14856087 1
4800761 1
5780594 0
20389598 0
27986355 0
8915558 0
7911979 1
29699656 1
5887173 1
11313630 1
1071830 0
27892587 0
954222 1
12272311 0
10421745 0
1156297 1
7287827 1
44006143 0
1458433 1
7489915 1
29183287 0
15241473 0
31059147 0
4335488 1
4212676 0
15192568 0
9321302 0
11604403 1
1016942 1
30206742 0
17646034 0
35357224 1
2167009 1
17961839 1
4053427 1
1936372 1
13020409 1
7157577 1
3990027 0
3183046 1
7122458 1
15487304 1
7342393 1
5715417 1
3808709 1
25612191 0
2992543 0
26853722 0
1721986 1
1661291 0
1971481 0
27633404 1
6541394 1
13747759 0
15693788 0
5961113 0
27574533 0
58025224 0
7021323 1
58662546 0
13080000 0
961297 1
541361 1
10971315 0
4344224 1
315029 0
1087963 1
4522732 1
54033311 0
52012017 0
1007417 0
5447262 1
6934561 0
12368582 0
1137467 1
1936372 0
12538942 0
7173512 0
10274186 0
8841441 1
53312700 0
3612551 0
3542751 1
5888267 0
3437839 1
1064002 1
7615119 0
2941141 0
47089712 0
51051964 0
15787413 1
589472 1
736075 0
5284479 1
13123935 1
4920754 1
19823995 1
11594664 0
528688 1
2265718 1
10133590 0
13543097 1
31747303 1
4751363 0
12464934 1
5452776 1
15053508 1
9347251 1
6825435 0
11559653 1
1028518 1
7842958 1
37685899 1
1360597 1
39852296 1
1323014 0
9926674 1
2326039 1
19666958 1
7404430 1
666801 1
1559671 1
20953677 0
10968061 1
3892106 0
12948090 0
23146432 0
4881842 0
2674770 1
5948374 0
25532392 0
19304963 1
8910315 1
24451866 0
6618392 1
