231515 1
218862 1
186398 1
380614 1
269346 1
172932 1
475676 1
382061 1
772114 1
381463 1
349845 0
160403 1
407356 0
288023 0
377645 1
385252 1
127409 1
270407 1
696353 1
776092 0
420070 1
942427 0
487558 1
273168 1
277166 0
667994 1
363061 1
458583 1
261643 0
494417 0
230528 1
552571 1
313162 1
416643 0
273220 1
544276 1
425764 1
457922 1
330414 1
115550 1
248993 1
245992 1
283645 1
744940 0
188667 1
158143 1
659701 1
368318 1
355394 1
361323 0
1305012 1
198326 0
186398 1
214212 1
158569 0
388297 0
373343 1
591854 1
120501 0
342977 1
429465 1
235165 1
241199 1
205545 1
472209 1
267171 1
243054 1
496091 1
277934 0
113155 1
489204 0
243461 1
260881 1
431663 0
110349 1
543595 1
137423 1
198555 0
270564 1
457192 1
445485 1
124302 1
276793 1
607150 1
139696 1
235011 1
200739 1
564899 1
321648 1
110166 1
398086 1
238599 1
375640 0
151585 1
282198 1
71807 1
327971 1
268617 1
455949 1
374143 0
185857 0
264905 1
407707 1
241003 1
806503 1
192808 1
343159 1
578378 0
277604 1
66529 1
350163 1
521126 0
714662 0
431584 1
184693 1
583196 1
378540 1
241985 1
821227 0
442989 1
523147 0
116413 1
128249 1
194474 1
331911 1
57882 1
722895 1
1072808 1
437635 0
133064 1
482855 1
104207 1
182733 0
370268 1
415402 0
282154 1
264905 0
714662 0
418739 0
345767 1
700326 1
320240 0
230255 1
126793 1
195636 0
316114 1
193753 1
388280 1
751259 0
244420 1
147677 1
510442 1
396502 1
621597 1
337774 1
187527 1
141323 1
483709 1
270706 1
164068 1
174410 1
91791 1
552332 1
218260 1
294841 1
161756 1
665239 0
64216 1
225393 1
375275 1
289970 0
276059 1
429706 1
273527 1
356774 1
147228 1
231312 0
186234 0
180252 1
388442 0
317061 1
235411 1
314187 1
192475 1
495710 1
895340 1
239744 1
361390 1
333779 1
257339 0
351912 0
633645 0
582491 0
701505 1
512942 0
548306 0
555507 0
255204 1
210588 1
211933 0
415309 1
369633 1
207741 0
807207 1
506869 0
98731 1
504618 1
211232 1
699797 1
691495 1
266585 0
121091 1
402831 0
649890 1
468735 0
318635 1
508579 1
490557 1
233538 1
196881 1
601080 1
830262 0
611894 0
420139 1
267651 1
299866 1
386477 0
375253 1
521934 0
335439 1
587684 1
195350 1
386899 0
378539 0
99962 1
683207 0
793133 1
223544 1
436084 1
577175 1
274519 0
325262 0
173531 0
396628 0
121307 0
178303 1
468969 1
732419 0
654148 0
525971 1
299866 1
245532 1
630250 1
477011 0
229796 1
839916 0
117907 1
273899 1
276362 1
354789 0
139031 1
312605 0
258401 0
525971 1
375928 0
219787 1
156218 0
251893 1
1035654 1
184636 1
353796 1
486350 1
196900 1
338105 1
498354 1
512554 1
113538 1
267698 1
190781 1
511654 1
460287 1
566912 0
1536287 0
522702 0
466562 1
564199 0
358577 1
144435 1
509884 1
163156 1
465128 1
140026 1
828678 0
469578 0
306500 1
136343 0
470414 1
453987 1
344536 0
310438 1
245532 1
340136 1
104817 1
428491 1
691495 1
329699 0
264535 1
266317 1
830262 0
131544 1
422694 1
504793 1
346377 1
187287 0
538531 1
381772 0
359228 1
312241 1
656984 0
314774 0
660912 1
646437 0
228834 1
148288 1
299718 1
387699 0
846666 0
217020 1
416177 0
389181 1
200989 1
390361 1
484667 1
1041865 0
304034 1
192984 1
313036 1
452079 1
290047 1
157633 1
483306 1
360692 0
234074 1
809321 0
217001 1
299158 1
605974 1
290609 1
483208 1
226030 1
346104 1
221048 0
373466 1
365855 1
323557 1
373645 1
317754 0
286996 1
226763 0
288744 1
191878 1
116307 1
314856 0
435574 1
570176 0
752707 0
306108 1
769841 1
554344 0
290121 1
387632 1
537969 1
326462 1
275332 1
414513 0
764715 1
299175 1
431380 1
413662 1
483528 1
361339 0
311523 0
316149 1
447352 0
651481 0
230501 1
770422 1
362827 1
263560 1
302860 0
333184 1
298801 0
421892 0
688094 0
554537 1
1126516 1
491011 0
317581 1
257617 1
579400 0
246097 1
97263 1
272595 1
140892 1
152906 1
230583 1
220235 1
432847 1
433740 0
305645 1
465332 1
438440 1
760674 0
549885 0
207247 1
264539 1
142733 1
1049442 0
691716 0
212099 0
437872 0
327045 1
200679 1
402879 1
357743 1
264693 0
415724 1
338590 0
60033 1
231159 0
229540 1
832052 0
497393 0
736662 0
363326 1
373940 0
139303 1
147934 1
273036 1
243304 0
600309 0
646548 0
432707 1
295796 0
329450 1
348581 1
224590 1
324024 0
297065 1
532162 0
447440 1
370173 0
224987 1
559558 0
212851 1
306634 0
192442 0
407163 0
659590 0
562631 0
319040 0
399162 1
1061913 0
190829 1
276774 1
512702 0
252510 1
1217216 0
407095 1
226391 1
150250 1
225256 0
1250581 1
664258 0
373940 0
347899 0
320153 1
659546 0
631495 1
399790 0
529238 1
124806 1
450828 0
310797 0
528927 0
270543 1
321084 0
381525 1
158237 1
515263 1
570127 1
604731 0
241850 1
498946 1
1093553 1
452232 1
210831 1
397685 1
760442 1
327728 0
215588 1
182052 0
195671 0
309826 0
284042 1
320652 1
503348 0
594429 0
972268 0
163425 0
837243 1
460895 1
918106 0
158043 1
125623 1
308972 1
456055 1
303315 1
575753 1
262780 1
582673 1
357848 0
580428 0
162623 1
585398 0
124249 1
318944 1
627145 0
290887 1
190736 1
201960 1
255111 1
513863 1
355797 1
163776 0
544345 0
558713 0
471898 0
420459 1
470587 1
419106 1
164315 0
231537 1
165457 0
608348 1
239322 0
1009561 0
291613 0
470053 0
834446 0
238100 0
370311 0
636862 1
482115 1
381098 1
277608 1
310377 1
337641 0
628276 0
240165 0
82788 1
214702 1
314133 0
616830 0
132192 1
510767 0
322852 0
365733 0
196446 1
414515 1
284134 1
471667 0
372988 0
773787 0
511428 1
598996 0
379990 1
186446 1
182346 0
567483 1
465045 1
202263 0
402725 1
560426 1
350285 0
690134 0
245229 1
240284 0
368175 0
433511 1
514044 1
344768 1
107183 1
300181 0
139478 1
507628 0
321526 1
266334 1
203128 1
245604 1
311385 1
311653 1
463768 0
1120867 0
117328 1
769750 0
388655 0
230823 0
478671 0
224343 0
467373 1
211240 0
286007 0
239270 0
735106 1
161015 1
746163 1
614503 0
481746 0
322288 1
632252 0
345527 0
784743 1
196235 0
158254 1
604716 0
270000 1
453645 0
248727 1
209107 0
419106 1
483084 0
440766 1
1043009 0
408782 1
76651 1
527513 0
517546 0
461778 0
651797 1
296517 1
275881 1
897466 0
494737 1
323520 1
495521 1
471334 1
293766 0
231056 1
574933 0
243063 0
320422 0
326085 1
1033962 0
224862 1
294091 1
193255 1
382230 1
325601 1
977933 0
303165 1
676246 1
105749 0
199018 1
834989 1
535450 0
168813 1
338768 0
400418 0
535905 0
204231 1
573119 0
144064 0
147643 1
210149 0
506831 0
379002 0
224002 1
598868 1
478388 0
556856 1
403149 0
361719 1
388809 0
338969 1
266948 1
683108 0
748533 1
320022 0
796175 0
523289 0
405493 0
286821 1
202263 0
230583 1
574933 0
343661 1
657887 0
274626 0
159319 1
482137 0
296762 1
578229 0
400944 0
849305 1
346154 1
600716 0
633648 1
184213 0
617184 0
331025 1
368417 0
652011 0
341246 1
577634 0
213143 1
568383 0
441071 1
256092 1
403747 1
193083 1
516492 0
479034 0
746242 0
251415 1
574535 1
346784 0
428221 1
424401 1
712144 0
400539 0
725424 0
274606 0
642781 1
241036 0
343963 1
359330 1
704484 1
164813 1
268991 1
492628 0
472588 1
923720 0
319436 1
857401 0
918937 0
404342 1
922970 1
288176 1
268803 0
340917 0
377183 0
330690 0
1039654 0
208045 1
540249 1
166878 0
529998 1
1083290 1
276915 1
283030 0
1200450 1
545185 1
210807 1
148618 1
527196 0
256793 1
400857 0
924200 0
560697 1
359043 0
338908 0
824598 1
374377 1
463555 1
191612 0
1482667 0
146549 1
786109 0
428031 0
228877 0
264793 0
659821 0
141277 1
240444 1
536613 0
713654 0
504401 1
378202 1
170493 0
491621 0
680592 1
633700 0
113903 1
477001 0
472943 0
306778 0
247304 1
347718 1
409835 1
348151 0
918347 1
618312 1
281693 0
250867 1
268890 1
828894 1
487720 0
285208 1
287037 1
928498 0
343025 0
665559 0
403849 0
257567 1
185042 0
650411 1
510999 1
676956 0
511356 0
384003 1
620916 0
1265543 1
483430 1
1347032 0
573211 0
309747 1
94975 1
653369 0
301719 1
98829 0
131456 1
368869 1
547363 0
779931 0
158921 0
600007 1
503438 0
552255 1
169216 1
348151 0
370357 0
330591 0
847346 0
390995 1
861100 0
279051 0
293636 0
383656 0
363700 1
241261 1
366197 1
331035 0
1076614 0
740553 0
687249 1
146336 1
238827 0
181629 1
361815 1
414980 1
856240 1
439829 0
88160 0
450440 0
599712 1
434683 0
969309 1
399756 0
289298 1
512835 0
778856 0
706599 1
674195 0
347331 1
187520 1
547604 0
735934 0
153672 1
803234 0
137245 0
643246 1
197476 1
1068863 1
284696 0
254543 1
184527 1
793340 0
502587 1
350868 0
561691 0
499009 0
353248 1
167528 1
389022 0
535449 0
493754 0
257376 1
639803 0
389524 1
