109435 1
38027 0
74403 1
131072 1
110071 1
73717 1
160608 1
151317 1
241179 1
139295 1
91638 1
65402 1
182896 0
64445 0
162104 1
111670 1
90577 1
106414 1
216032 1
92682 0
148909 1
331019 1
154343 1
73309 1
231190 0
80651 0
119796 1
88494 0
95127 1
185266 0
81347 1
155559 0
163199 1
109766 0
217004 1
198602 1
155292 1
90335 1
74095 1
42760 1
78137 1
97331 1
75900 1
269625 0
87553 1
62935 1
292068 1
82001 1
128162 1
136058 0
271459 1
57268 0
74403 1
59946 1
76173 0
161480 0
89068 1
185299 0
40746 0
81116 1
96122 1
83650 1
54147 1
68309 1
204834 1
110815 1
130150 1
218519 1
136492 0
44941 1
202859 0
74489 1
168992 1
112651 0
37860 1
41365 1
40534 1
53002 0
215036 1
159792 1
164205 1
32647 1
120618 1
237846 1
45676 1
75347 1
75485 1
262790 1
93171 1
65628 1
122205 1
94938 1
96248 1
47462 1
162095 1
17060 1
134179 1
177818 1
166013 1
86389 1
147004 0
81640 1
164760 1
79426 1
229334 1
138477 1
66978 1
276252 0
162745 1
38590 1
81822 1
153451 0
135412 1
87318 1
88288 1
160757 1
89899 1
103971 1
214248 0
255809 1
134253 0
68168 1
64930 0
56041 1
102301 1
23648 1
212296 1
145589 1
120720 1
66722 1
68122 1
46531 1
75897 0
129768 1
232255 0
153440 1
81640 0
135412 1
143344 0
92649 1
268100 1
158053 0
113905 1
80238 1
78807 0
71331 0
99950 1
140413 0
319650 0
124669 1
55518 1
246953 1
114828 1
207319 1
157122 1
90949 1
56548 0
216273 1
18496 1
68523 1
55702 1
25430 1
122338 0
87836 1
136324 1
58397 1
227351 0
36832 1
87292 1
61879 1
105858 0
218511 1
257289 1
66236 1
183499 1
86992 1
110636 1
56486 0
67167 1
69560 0
31290 1
144723 1
76352 1
55648 1
112191 0
196772 1
55025 1
217525 1
155370 1
112471 0
92537 0
71986 0
159563 0
172042 0
186662 0
160852 0
75568 0
31182 1
49576 1
69797 1
72581 1
155934 0
46694 1
246206 1
230488 0
45980 1
139765 0
77213 1
239960 1
221413 1
102499 0
38137 1
69194 0
186770 0
224619 0
38404 1
247208 1
166964 1
48911 1
96658 1
146909 1
192414 1
224086 0
43098 1
33508 1
173556 1
125637 0
118269 1
118576 1
80214 1
238754 1
65726 1
120546 1
136046 0
44180 1
207827 0
175059 1
69765 1
122595 1
311333 1
127635 0
99552 1
53698 0
229822 0
94056 0
42565 1
149878 1
138244 0
119065 0
125410 1
173556 1
98254 1
200490 0
229191 0
108875 1
170172 0
27717 1
36633 1
18650 1
289960 0
68407 1
93691 0
108820 1
125410 1
110537 0
100504 1
121806 0
83248 1
370350 1
112906 1
77498 1
52985 1
231027 1
56205 1
255825 0
244064 0
60389 1
45022 1
21778 1
264001 1
202117 1
206132 0
315043 0
90909 0
103030 1
151857 0
190054 1
58721 1
185656 1
87540 1
74138 1
44892 1
496242 0
96489 1
98928 1
51524 0
272063 0
166208 1
172284 1
122980 1
98254 1
117907 1
40580 1
100382 1
221413 1
91461 0
109461 1
43426 1
192414 1
76401 1
132667 0
138988 1
90474 0
85724 1
343981 1
115195 1
134838 1
84630 1
204296 0
143030 0
303209 1
153217 1
34475 1
19329 1
115543 1
137675 1
307136 0
76778 1
71486 0
32703 1
68404 1
51520 1
98715 0
358784 0
109913 1
78979 1
88603 1
157246 1
122131 1
96914 1
131559 0
145913 0
83201 0
244382 0
181888 1
146716 1
108339 1
95890 1
151191 0
154311 1
150169 1
46684 1
95963 1
212071 1
68622 0
41768 1
126787 0
83548 0
49012 0
79933 0
55738 1
51408 0
69254 0
127207 1
147235 0
188517 0
53455 1
263600 1
137802 0
99729 0
80900 1
97116 1
96227 1
52431 1
295438 0
92654 1
121867 1
190132 1
122646 1
181282 1
109293 0
73769 0
115141 0
96337 0
133216 0
39399 1
204769 1
181574 0
95054 0
194525 0
83399 1
119261 0
130154 0
281662 0
218587 0
185229 1
317405 0
132840 1
100666 1
215410 0
166015 1
48380 1
62187 1
42414 1
106768 0
40580 1
62239 1
175170 1
55758 1
186930 1
135710 1
179227 0
221525 0
160559 1
48107 1
43951 1
56225 1
202290 0
246849 1
60800 0
213978 1
120947 1
63289 1
91223 0
178781 1
99175 1
339995 1
113578 0
20635 1
99876 1
90306 1
209175 0
135353 1
234566 0
152413 1
110719 0
99848 0
37949 1
167871 1
96425 1
162363 1
229629 0
116838 1
58359 0
66926 1
58581 1
79505 1
96789 0
111484 1
201454 0
162391 0
157880 1
42474 1
358441 0
109419 1
96706 0
51967 1
152222 0
333546 1
108373 0
135204 0
124254 1
261276 1
63621 1
93507 1
397823 1
91421 0
348319 0
112686 1
71152 0
36477 1
50544 0
134398 1
225936 0
110719 0
50553 1
113697 1
218621 0
209144 0
129397 0
99842 1
42943 0
179663 0
93184 1
202026 1
69514 1
111202 1
141450 1
46397 0
114173 1
192059 1
169133 0
132973 1
174510 1
254518 0
275106 0
49585 1
139497 1
218741 1
145216 0
63530 0
81137 0
121755 0
55075 0
58385 1
76610 1
178432 0
160498 0
400005 0
42672 0
196014 1
144958 1
215855 0
81051 0
50814 1
64428 0
160836 1
212375 1
297385 1
85796 1
242822 1
162593 0
136525 0
59307 1
180602 0
43941 1
93503 0
165810 0
34154 1
75220 0
43737 1
139526 1
149006 0
126858 1
99936 0
244599 0
249498 1
189600 0
155079 1
131116 0
124532 1
85176 0
77753 1
40818 1
300912 0
94095 1
145047 1
213817 0
140104 0
208050 1
105421 0
119541 0
105884 0
153869 1
91633 1
68705 1
262037 1
119635 0
240993 0
111276 0
36674 1
53715 1
97696 0
161679 0
74162 1
243228 0
135771 0
42840 0
53838 1
150852 1
77443 1
116237 1
83822 1
69401 0
192107 1
311441 0
172889 1
87375 1
57752 1
347992 0
112962 1
33345 0
217808 1
95890 0
132736 1
94419 1
84433 1
144098 1
133961 0
153308 1
160095 1
160466 0
26232 1
66900 0
48417 1
296034 0
112131 1
116570 1
43300 1
98412 1
154832 1
83476 1
155222 0
383010 1
57992 1
201152 0
178595 0
78965 0
246262 0
67132 0
131131 1
140092 0
86323 0
94226 0
189402 1
42777 1
217808 0
223041 0
189244 0
207695 0
232217 0
144373 0
99994 0
68289 0
68550 1
287953 0
204954 1
144656 0
70145 1
157263 1
124532 1
158626 1
142166 0
349672 0
86847 1
71903 0
219654 0
68280 1
97046 0
164667 0
144860 0
162762 1
272202 1
132286 1
135431 1
35238 1
141057 1
123253 0
61256 0
209952 0
57086 1
50131 1
117710 1
221606 1
67360 1
133649 1
84662 1
149082 0
157777 0
138381 0
128559 1
246219 0
53501 0
57310 1
165174 1
218925 0
24052 1
157538 0
90995 0
97906 1
33974 1
166220 0
52236 0
70223 1
132061 1
102924 1
109582 0
87504 1
104014 1
110209 0
95649 1
160680 1
78877 0
94937 1
80631 1
84624 1
166640 0
219412 1
85876 0
298496 0
186490 0
142225 0
145275 0
33345 0
40580 1
209952 0
244626 1
241919 0
88513 0
103207 1
92762 1
53215 1
156952 0
229422 0
365595 1
100957 1
122517 0
146134 1
39902 0
119708 1
126260 0
149766 0
194521 0
160212 1
122707 0
55278 1
243976 0
42392 1
29726 1
63585 1
30841 1
176646 0
285212 0
211345 0
60106 1
416791 0
154252 0
73211 1
82919 1
256535 0
108361 0
383823 0
127534 1
240665 1
73123 0
124700 1
68347 1
200890 0
89402 1
81409 1
102744 1
109068 0
425088 0
154957 1
370917 0
311716 0
237952 1
158571 0
54417 1
61661 0
181029 0
144523 1
114137 1
145053 0
58505 1
88657 1
95307 0
314479 1
430402 1
73268 1
81447 0
220543 1
152613 1
51290 1
46424 1
176074 0
162753 1
62883 0
344846 0
156376 0
168324 0
179654 1
279221 1
136812 1
117695 1
57602 0
301743 0
56757 0
201520 0
197486 0
37909 0
96694 0
258525 1
70718 1
79183 1
228335 0
187099 1
152862 1
159496 1
56276 0
144854 0
317834 0
204187 1
43374 1
187845 0
337355 0
180992 0
84478 1
173331 1
156898 1
76171 1
103988 0
153174 1
112904 0
88212 1
104979 1
347117 1
191458 0
114493 1
105787 1
291108 0
120476 0
176203 0
136306 0
50005 0
65594 0
447078 1
157622 1
211281 1
215894 0
156023 0
163267 0
412747 0
223641 0
218462 0
327788 1
81660 1
26581 1
128325 1
103286 1
50864 0
54091 1
196535 1
164059 0
506165 1
73374 0
128425 1
122742 0
282433 1
49097 1
76171 0
98599 0
89924 1
128446 1
153780 1
404036 0
99371 0
135468 1
110810 0
81174 1
97592 1
155621 1
89494 0
345489 0
232226 0
178006 1
22293 1
76445 0
112914 1
279514 1
127186 0
284859 1
177319 1
41536 1
159708 0
360625 0
111601 0
235273 1
108001 0
170098 1
94166 0
201989 0
173037 1
174000 0
149883 1
38770 1
111391 0
202800 0
65144 0
323431 1
90651 1
121767 0
108046 1
428409 0
71536 0
110639 1
70452 0
205110 0
168777 1
119530 0
243385 1
255507 0
119601 1
48447 1
280965 0
182257 0
146048 0
69206 1
127808 0
132361 1
