235322 1
142872 1
87196 1
220436 1
188743 1
146997 1
409576 1
277946 1
533835 1
255640 1
210472 1
123180 1
334940 0
205736 1
264803 1
279153 1
109639 1
190590 1
508344 1
227810 1
288535 1
491952 0
186547 1
205782 1
380030 0
312029 1
276296 1
308049 1
197647 0
393698 0
114444 1
305347 1
249178 1
266654 0
329304 1
287984 1
361851 1
294954 1
135417 1
143248 1
156896 1
261166 1
134666 1
623546 0
133096 1
102135 1
417614 1
224669 1
230124 1
222510 0
758174 1
204606 0
87196 1
148584 1
119545 0
389874 1
164812 1
264758 0
76845 0
199176 1
311693 1
312686 1
183182 1
153712 1
431126 1
216723 1
165503 1
478166 1
314627 0
74905 1
419733 0
147690 1
183155 1
281147 0
119099 1
98525 1
86380 1
136002 0
228220 1
299033 1
249685 1
92528 1
182064 1
406365 1
155582 1
117737 1
137274 1
367745 1
238948 1
77377 1
250563 1
227885 0
194140 1
97128 0
189863 1
70892 1
270775 1
260247 1
330660 1
253976 1
113895 0
179264 1
427194 1
132191 1
332529 1
209359 1
125186 1
468431 0
420423 0
59591 1
279607 1
276120 0
257721 1
227032 1
238112 1
265856 0
238815 1
181032 1
410861 0
416571 1
228809 0
77298 1
81239 1
98588 1
246621 1
93748 1
515993 0
652930 1
198945 0
118083 1
284714 0
127013 1
139392 0
455506 1
297046 1
129285 1
179264 0
257721 1
314631 0
170605 1
325873 1
185085 1
154733 1
106491 1
164144 0
187070 1
158541 1
214662 0
395537 0
147683 1
85492 1
546419 1
225439 1
384762 1
210094 1
189365 1
85107 1
310693 1
92006 1
93989 1
117314 1
101977 1
427945 0
120893 1
169691 1
106014 1
445269 0
68721 1
125009 1
266166 1
232255 0
309844 1
283672 1
166126 1
333463 1
70135 1
237434 1
137322 0
140132 1
266847 0
177439 1
218708 1
146242 1
109408 1
553967 1
457063 1
287766 1
612904 1
368608 1
176818 0
193036 0
408396 1
195339 0
408438 1
329283 1
462936 1
370691 0
87984 1
161223 1
149007 0
243287 1
204405 1
143028 0
590486 0
365087 0
95102 1
385266 0
260151 1
553265 1
616734 0
230522 0
72196 1
219927 0
552032 1
336771 0
184486 1
593304 0
294655 1
173098 1
212098 1
492075 1
324217 1
494519 0
228398 1
56622 1
212226 1
256515 0
307127 1
243990 1
190716 1
374374 0
107320 1
367642 0
202700 0
90280 1
542978 0
361825 1
122641 1
316699 1
521807 1
182166 0
224537 1
153172 1
566181 0
129803 0
118426 1
259494 1
448740 0
348035 0
309955 1
212226 1
180098 1
514500 1
398212 0
249114 1
310408 0
52875 1
92110 0
84444 1
338086 0
108955 1
194146 0
163532 1
309955 1
244069 0
168399 1
142627 0
107762 1
762068 1
140757 1
220369 1
206661 1
139830 0
173205 1
706486 0
330927 1
105590 1
101883 1
158708 1
344712 1
326234 1
459109 0
966468 0
244207 0
226815 1
507212 0
267472 0
121504 1
436294 1
189317 1
440237 1
115190 1
812137 0
232818 0
193063 1
95131 0
525260 1
553387 1
201118 0
222887 1
180098 1
215877 1
104579 0
267065 1
616734 0
229478 0
224442 1
91716 1
324217 1
158087 1
288606 0
343824 1
280442 1
103164 0
301385 1
146939 0
446015 1
179740 1
468109 1
158709 0
323596 1
374882 1
154910 1
62722 1
276708 1
278642 1
421241 0
130816 1
241194 0
402632 1
210187 1
168861 1
223904 0
1153614 0
333707 1
115759 1
265200 1
222521 1
211789 1
119256 1
257934 1
325951 0
206675 1
571285 0
159057 1
184575 1
246799 1
217295 1
224297 1
286946 1
211661 1
67456 1
439617 1
277622 1
182403 1
147258 1
151813 0
185873 1
142220 0
198495 0
210119 1
76190 0
113131 0
316420 1
330087 0
335338 1
168054 1
511302 0
281406 0
102723 1
308768 1
342174 1
318308 1
162790 1
244181 0
338017 1
184244 1
460364 0
176187 1
322700 1
214285 0
216221 0
161807 0
141201 0
387762 0
93477 1
861429 1
175006 1
221817 0
311899 0
119018 1
208097 0
338899 0
427360 0
573711 1
460222 1
597611 0
432958 0
213655 1
419247 0
342186 1
92030 1
183824 1
63122 1
167311 1
171160 1
131460 1
321643 1
183883 1
526543 1
247281 1
744256 1
681998 0
310799 0
116417 1
163062 1
125569 1
491954 0
665596 1
113416 1
557454 0
180788 1
134515 0
199587 0
348659 1
157532 0
571622 1
181659 1
35847 1
294868 1
246441 1
565928 0
215928 1
413867 0
268460 1
236397 0
130239 1
130526 1
585307 1
228483 0
496309 1
836810 0
273231 1
133640 0
207762 1
166697 1
121883 1
219408 1
153644 1
224366 0
238411 1
349821 1
104836 1
447279 0
171928 1
221183 0
108617 0
406556 0
346294 0
502235 0
301573 0
167712 1
459538 1
167046 1
214013 1
579376 1
173705 1
735200 1
331543 0
158749 0
92717 1
103804 0
398853 1
189963 0
236397 0
196060 0
254912 1
371415 0
554615 0
235631 0
412521 1
102580 0
406080 0
232686 0
377762 0
211582 1
271546 1
160572 1
93613 0
352275 1
309078 1
407341 0
223349 1
397712 1
412388 1
542350 1
149746 1
262241 1
446733 1
313297 0
155946 1
151105 0
629140 0
164707 0
129888 1
193529 1
313655 0
175806 0
922579 0
108372 0
550210 1
261780 1
449538 0
178027 0
113336 1
137875 0
323439 1
569033 1
569400 1
232798 1
486950 1
317663 0
238688 0
88998 1
299973 0
77228 0
226045 1
430682 0
204675 1
192598 0
123044 1
311609 1
316345 0
236611 1
153735 0
786258 0
242195 0
276452 0
411648 1
415887 1
252237 0
136437 1
135593 1
91527 0
638145 1
145768 1
348729 1
290351 0
303061 0
347327 1
243310 0
329622 1
236679 1
400780 1
187400 1
178072 1
463230 1
199269 0
428855 0
157670 0
93680 1
103839 1
292491 1
611307 0
129353 0
381990 0
291401 0
170433 0
222996 1
392059 1
167458 1
343980 0
456648 1
340912 0
545755 1
409508 0
331249 0
134341 1
110160 1
448743 1
332125 1
71004 0
267984 1
310791 1
231846 0
396568 0
126392 1
299424 1
307053 0
333653 1
458396 1
328380 0
46961 1
182873 1
106341 1
393271 1
240030 1
236142 1
91192 1
247073 0
226431 1
139160 0
282869 0
629026 0
235341 1
390391 0
304489 0
158722 0
289050 0
246265 1
243102 1
178386 0
162120 0
203758 0
587574 1
93587 1
428671 0
472424 0
263439 0
395812 0
247622 1
206776 1
537311 0
114695 0
120133 1
952402 0
146334 1
402174 0
286405 1
182350 0
252237 0
241808 0
306008 1
1429894 0
153958 0
137129 1
283092 0
346710 1
278790 0
358682 0
199108 0
254368 0
581955 0
512446 1
280112 0
213818 1
228941 1
215302 0
191193 0
403570 0
132934 0
201039 1
257150 1
496838 1
175993 1
286120 1
212943 1
174753 0
286017 0
484721 0
292915 1
478995 1
88405 0
215811 1
388611 1
362926 0
80636 1
244255 0
342864 0
299683 0
80102 1
466172 0
123021 0
185151 1
210728 1
223055 1
199921 0
188374 1
246115 1
391370 0
264804 1
281257 1
147087 1
200969 1
314590 0
158504 1
660640 1
413666 1
204559 0
667048 0
447727 0
322645 0
284146 0
71004 0
171160 1
403570 0
333400 1
466148 0
232702 0
99997 1
275859 1
172936 1
305326 0
262544 0
760668 1
192710 1
168142 0
302785 1
77835 0
402153 1
146827 1
296880 0
393674 0
236979 1
354433 0
152947 1
588781 1
280464 1
108938 1
189821 1
160104 1
352823 0
371489 0
231046 0
180237 1
354068 1
258202 0
323372 1
359354 1
394822 0
210226 0
618567 0
153330 0
419779 1
188705 0
235469 1
245699 1
423574 0
139795 1
161284 0
322998 1
261425 0
724255 1
234175 1
677784 0
779535 1
451823 1
397238 0
127339 1
177293 1
248297 0
506268 0
434067 1
522937 0
159543 1
270656 1
110436 0
386037 1
505746 1
167089 0
259135 0
409914 0
466152 1
163796 1
122959 1
307277 0
163452 1
206238 0
485718 0
371595 0
415468 0
186315 1
574159 0
327436 1
254651 1
101783 0
1432776 0
76899 1
627094 0
345407 0
67596 1
167647 0
502794 0
103006 1
185156 1
349379 0
596454 1
288211 1
181435 1
96472 0
448666 0
422703 1
511622 1
77759 1
534751 1
874193 0
296938 0
141128 1
239699 1
310520 1
251316 0
738421 1
257346 1
310897 0
182734 1
293669 1
519221 1
258536 0
289067 1
285719 0
735677 0
192487 0
387082 0
230275 1
137416 1
132176 0
526855 1
198903 1
698349 0
499443 0
443397 1
592533 0
755214 1
319808 0
598681 0
484084 1
144738 1
117917 1
480416 0
231173 1
87088 0
105880 1
274671 1
359286 1
567612 0
105287 0
280402 1
330697 0
371728 0
131541 1
251316 0
279437 0
208786 0
358797 0
271751 1
794815 0
187400 0
179440 1
162023 0
168028 1
132271 1
210028 1
166922 0
803459 0
625288 0
390695 1
68432 1
146886 0
153000 1
484748 1
287186 0
565425 1
331039 0
87456 1
172429 0
361956 0
268138 0
704568 0
188859 0
315880 1
271683 0
387173 0
423481 1
435843 0
218277 1
187123 1
330517 0
411634 0
124714 1
787446 1
136877 0
318372 1
144516 1
1115533 0
139998 0
180155 1
109753 1
271608 0
391956 0
215952 0
501331 1
355383 0
296582 1
148231 1
432576 0
368923 0
360232 0
226224 1
366312 0
463281 1
