155259 1
53532 1
79974 1
84109 1
106154 1
76302 1
167178 1
157552 1
254235 1
140173 1
95466 1
72532 1
147252 0
61490 0
151410 1
116601 1
61347 1
133224 1
168093 1
134999 0
93244 0
211320 0
194174 1
85015 1
250211 0
99602 0
124699 1
93053 0
145624 0
176717 1
65489 1
171470 1
190316 1
164624 0
231446 0
316038 1
179430 1
149326 1
67772 1
73905 1
88063 1
115977 1
72220 1
171147 0
80130 1
89209 1
337922 1
69091 1
129896 1
136535 0
329872 0
44578 0
79974 1
75924 1
93606 0
226005 0
100727 1
267131 0
45031 0
91514 1
118039 1
83768 1
58364 1
75465 1
206869 1
110418 1
120330 1
230471 1
153082 1
34155 1
149568 0
80903 1
177360 1
97238 0
41284 1
40703 1
35635 1
61395 0
139695 1
165886 1
180568 1
26099 1
111879 1
198632 1
54311 1
81249 1
81605 1
282479 1
86478 1
66947 1
165052 1
120052 1
120015 1
36027 1
113007 1
28190 1
135302 1
231781 1
199201 0
123618 1
137533 0
84580 1
192226 1
77456 1
198796 1
122948 1
86527 1
202318 0
128672 1
35857 1
87083 1
198055 0
142055 1
100125 1
101713 1
209958 0
105960 1
115865 1
201790 0
210813 1
116292 1
52765 1
132430 0
70547 1
185037 1
41484 1
270144 1
215377 1
108089 0
73428 1
92681 1
42645 1
64040 0
121326 1
221646 0
159484 1
84580 0
142055 1
128585 0
132803 1
345559 1
135925 0
92083 1
61222 1
81541 0
86987 0
90353 1
159102 1
345577 0
110004 1
71187 1
244194 1
118328 1
182519 1
123549 1
89419 1
52484 1
181536 1
20602 1
78634 1
43609 1
35180 1
165427 0
71922 1
118217 1
70878 1
243095 1
31772 1
71013 1
119876 1
139650 0
145100 1
233979 1
67430 1
185460 1
72807 1
105472 1
94448 0
88389 1
90167 0
34377 1
104664 1
105004 1
27067 1
280748 1
120534 1
62477 1
220885 1
211161 1
66868 1
161140 0
102699 0
159182 0
170535 0
158956 0
212155 1
99878 1
32100 1
51298 1
76327 1
75020 1
219001 1
53040 0
359810 0
207964 0
45159 1
125524 0
77366 1
262231 1
149841 1
90516 0
54394 1
102864 0
175615 0
237294 0
53318 1
131578 0
182047 1
53605 1
83936 1
211314 1
164799 1
220223 0
49898 1
42370 1
139693 1
100118 0
120193 1
113608 1
89161 1
140747 0
63402 1
160096 0
99034 0
45066 1
213466 0
202798 1
87604 1
136582 1
305959 1
154723 0
94884 1
68081 0
129841 0
80244 0
47761 1
167077 1
182839 0
167538 0
139263 1
139693 1
122090 1
289082 0
256049 0
112915 1
159500 0
45323 1
48617 1
23952 1
181001 0
59855 1
101452 0
123628 0
139263 1
112763 0
132460 1
99109 0
78007 1
349424 1
96740 1
84739 1
67062 1
168519 1
49335 1
288295 1
252078 1
58686 1
31909 1
22899 1
250584 0
224857 1
308807 0
376034 0
119759 1
173924 1
198740 1
189713 1
109800 1
133268 1
69555 1
63056 0
61637 1
347133 0
95101 1
94141 1
47367 0
200806 1
152486 1
186220 0
120655 1
122090 1
166825 1
43248 1
95836 1
149841 1
101163 0
215049 1
63303 1
164799 1
105081 1
121540 0
192052 1
77601 1
61529 0
320611 1
114009 1
94785 1
69427 1
223158 0
118895 0
246371 1
149677 0
33328 1
23539 1
122808 1
114385 1
155443 0
70436 1
65094 0
64853 1
78579 1
38596 1
109065 0
265282 0
87089 1
85371 1
90817 1
146411 1
70276 1
91340 1
164903 1
78233 0
150558 1
296973 0
193824 1
131492 1
145809 1
132486 1
178781 1
110951 1
137375 1
55121 1
72824 0
218245 1
119443 1
48288 1
103166 0
89424 1
52970 0
131830 0
67044 1
55472 0
76798 1
174959 1
236925 1
167748 0
61724 1
262753 0
98283 0
69016 0
78252 1
168836 1
91278 1
56216 1
172533 0
196186 1
148540 1
282926 1
143719 1
192746 1
114875 1
92106 0
108439 0
113873 0
123212 0
61452 1
210662 1
121553 1
92572 0
247839 0
89601 1
139290 0
166003 0
244762 0
145118 0
255416 1
270526 0
109043 1
103358 1
278047 0
171824 1
58719 1
56494 1
98873 1
81140 1
87866 1
93898 1
201210 1
53346 1
156710 1
119683 1
180750 0
164725 0
232902 0
48511 1
99625 0
33025 1
233016 0
224365 1
74614 0
208379 1
121235 1
81666 1
92148 1
186249 1
130546 1
256555 1
82771 1
19247 1
75160 1
137000 1
161439 0
143062 1
361167 0
165418 1
192155 0
78652 1
39636 1
131498 1
79485 0
158608 1
312326 0
161914 1
90302 0
61878 1
109028 1
98147 1
83542 1
134856 1
225452 0
196306 0
138657 1
53271 1
354177 0
80190 1
80174 0
65776 0
112114 0
282536 1
130953 1
151294 0
122398 0
270578 1
73702 1
117246 1
374905 1
80893 0
287483 1
139572 1
119326 0
35736 1
73980 0
274322 1
166199 0
192155 0
79827 1
109186 1
190735 0
229647 0
104286 0
107806 0
46254 0
246577 0
136896 1
168919 0
75562 1
122946 1
157871 1
40611 0
233922 1
126375 1
191809 0
137910 1
218503 1
364183 1
250170 1
50287 1
190214 1
200912 1
138736 0
120305 0
78388 0
92304 0
66035 0
71563 1
97362 1
210779 0
124437 0
371861 0
57233 0
156491 1
116417 1
199356 0
64877 0
47398 1
85265 0
63549 1
185428 1
201271 1
132730 1
211244 1
276245 0
178667 1
65625 1
176503 1
60011 0
130056 0
178025 1
51604 1
85790 1
59693 1
168284 1
222908 0
155904 0
67991 0
222509 0
148456 0
167263 0
208262 1
194906 0
119574 1
105945 1
94619 1
40992 1
316603 1
80870 1
110419 0
173417 0
137351 0
141962 1
134073 0
208350 1
90197 1
169808 1
236750 1
93282 1
238253 1
107540 0
184563 0
82977 0
38427 1
59801 1
279301 1
218647 0
83481 1
275031 0
174591 0
49197 0
75898 1
210875 1
120342 1
143674 0
96011 1
137988 0
211223 1
330107 0
140087 0
101338 1
82867 1
347445 0
178760 0
31734 0
137372 1
142361 1
167416 0
103302 1
166554 1
95455 1
163917 0
105227 1
157424 1
150172 1
53196 1
72092 0
35410 1
312219 0
128535 1
85540 1
50137 1
95973 0
85839 1
127668 1
168016 0
319858 0
64069 1
193778 0
197137 0
47461 0
218304 0
73517 0
138439 1
78464 0
89793 0
90952 1
399465 1
55961 1
219099 0
237687 0
153128 0
104025 1
337132 0
153145 1
181513 0
64858 0
64982 1
255485 0
140445 1
149464 0
168630 1
140875 0
119574 1
86620 0
151957 1
293144 0
91484 0
76949 1
248464 0
99543 1
118541 0
356729 0
107550 1
125703 1
249304 1
156022 1
204304 1
91809 1
124797 0
163252 0
87672 0
283130 1
68283 1
47851 1
133804 1
218682 1
86720 1
109890 1
81574 0
120209 0
190837 0
178309 0
183669 1
198543 0
41210 0
62483 1
170116 1
169183 0
57442 1
125707 1
139737 1
153397 0
51388 1
207693 0
59661 1
111949 1
116158 0
98606 1
112125 0
110426 1
100495 1
124411 0
131555 0
159710 1
69576 0
109917 1
96527 1
110464 1
171392 0
187288 1
88123 0
335343 0
250872 0
128892 0
153365 1
31734 0
87866 1
283130 1
220574 1
295898 0
115856 0
67125 1
127253 1
61808 1
134952 0
224749 0
282351 1
88576 1
146321 0
135221 1
97736 1
148766 1
141341 1
177069 0
205609 0
139509 1
144944 1
104306 1
157482 0
67226 1
32233 1
124612 1
38539 1
194979 0
283637 0
229071 0
56453 1
280828 1
188149 0
66587 0
99149 1
398348 0
99426 0
312527 0
193710 1
246344 1
82025 0
124429 1
98494 1
280982 1
111766 1
77532 1
119191 0
140154 0
261131 0
210378 1
304035 0
343369 0
213435 0
250473 1
80926 1
81920 1
224499 0
166483 0
125632 1
266470 0
71459 1
153679 1
85379 0
280808 0
449449 1
135168 1
69019 0
224748 1
210618 0
55955 1
44892 1
183844 0
195864 1
66860 0
204454 0
150897 1
213854 0
202009 1
246781 0
178159 1
143512 1
45151 0
202708 0
81707 0
249580 0
159647 0
40903 1
118167 0
161263 0
69365 1
87069 1
213234 0
231906 1
204064 1
136603 1
52991 0
159374 0
320896 0
176464 1
42598 1
207590 0
472552 0
170427 0
64968 1
171141 1
166233 1
60383 1
148872 0
167253 1
98843 0
92574 1
115496 1
855557 0
145552 1
85525 1
122104 1
263303 0
126134 0
194595 0
129720 1
45334 1
106624 0
239412 1
184208 0
173366 1
257980 0
109237 1
194059 0
393340 0
159239 1
311439 0
255567 0
111283 1
32170 1
130486 1
135309 1
60710 0
57531 1
152166 1
160637 0
431652 0
100711 1
143714 1
146732 0
307750 1
48314 1
60383 0
120054 0
92070 0
187615 1
180065 0
517961 0
112452 0
117043 0
67435 0
79959 1
119323 1
115378 1
98585 0
311963 0
193739 0
145458 1
27798 1
68573 0
109592 1
213203 1
114351 0
288429 1
131869 0
42597 0
134915 0
200876 0
129378 0
328926 1
167552 1
205183 1
123100 0
260988 0
225556 1
295738 0
200840 1
32693 0
206392 0
152302 0
45460 1
282806 0
58523 0
96263 0
83396 1
359550 1
93066 0
90394 1
65855 0
198293 0
147113 1
204935 0
235785 0
225699 0
142754 0
59385 1
158636 0
288930 0
156762 0
91061 1
209388 0
169954 0
