5837427 1
1307328 1
1206755 1
6253156 1
3675115 1
822291 1
6109677 1
7449226 1
9224934 1
6406074 1
7453844 1
1517188 1
6273155 1
783793 0
4174493 1
4025739 1
2169467 1
4342989 1
21330692 0
7294549 0
9956173 1
12746333 1
5884244 1
3482981 1
10275642 0
4155233 0
9778101 1
3912495 0
3042505 0
4818951 0
4167639 1
5858355 1
3376977 1
15092427 0
5065245 1
6752570 1
7981774 1
5208167 1
4838366 1
604509 1
1703642 1
3445493 1
2219371 1
5485755 0
1888693 1
1170487 1
5510430 1
4500190 1
8166837 1
2738920 0
31559713 0
634755 0
1206755 1
1301471 1
3045936 0
5856148 0
6117272 1
3815300 1
726413 1
1601546 1
2075148 1
9190773 1
1368033 1
2224197 1
8411405 1
4061475 1
1740786 1
4208006 1
3567501 1
972093 1
6329498 0
4011311 1
7223375 1
3780097 0
731453 1
710915 1
1160537 1
2066355 0
7200601 1
8762989 1
5976796 1
734449 1
1537139 1
24838211 1
463481 1
2800179 1
3577418 1
13907904 1
3441359 1
728199 1
14047564 1
2496084 1
8320258 1
2160461 1
3112544 1
300602 1
1209780 1
5117305 1
13279190 1
19098136 0
955891 0
3965229 1
8963650 1
8486507 1
7430778 1
3639454 1
2029740 1
27481647 1
3768454 1
425350 1
3988449 1
8574662 0
10556876 1
4114873 1
889578 1
10858196 0
6863643 1
5036947 1
5794697 0
8784289 1
3196298 1
810356 1
858426 1
1807037 1
4507152 1
186172 1
18441299 1
29745444 1
2622735 0
558114 1
6061523 0
1234720 1
829025 0
11531776 1
18009139 0
6048041 1
3965229 0
10556876 1
10667942 0
2309230 1
16101284 1
3753405 0
949183 1
1385618 1
1375297 0
1882321 0
3463008 1
5265566 0
10702285 0
2564759 1
376307 1
9057758 1
4600209 1
27215883 1
3875196 1
850954 1
677809 1
4323554 1
299722 1
1021698 1
1298220 1
317240 1
7281969 0
1893447 1
1361431 1
924095 1
25670444 1
345890 1
1417365 1
2716789 1
3635665 1
4755770 1
17365202 0
1113649 1
7566713 1
1459760 1
2767447 1
816309 0
1597815 1
12355281 0
1176823 1
2065339 1
2693452 0
357658 1
8180967 1
13725124 0
875235 1
3766276 1
11699144 1
2988365 0
2417811 0
4393034 0
5151007 0
37003212 0
9487631 1
13313694 0
2737650 0
465067 1
2198890 1
2201823 0
5103776 1
4791747 1
1162182 0
13007037 1
9580704 0
772974 1
11090592 1
2553356 1
23454652 0
15931217 1
4585363 0
799184 1
2676741 1
16819103 0
2716954 1
1707071 1
19923477 1
3499379 1
635000 1
1579192 1
5782709 1
11419598 1
11401653 0
4447170 1
1546508 1
5334766 1
3475662 1
12887278 1
5893692 0
2980066 1
4782898 1
3196437 1
7835901 1
3794836 0
873269 1
8692672 1
10839858 1
2155412 1
7882573 1
6422474 1
3080151 0
2489155 1
1148497 0
10607899 1
1392352 0
1668210 1
5369786 1
10252157 1
6357995 0
9475829 1
5334766 1
1070488 1
9298701 1
17001868 0
5816196 1
12724559 0
687184 1
1247075 1
394487 1
5860702 0
804336 1
4371855 1
1256849 0
9475829 1
18889409 0
1445668 1
1016934 0
1663927 1
36487630 1
1057852 1
3425763 1
787642 1
1395783 0
2597131 1
5840195 1
14110086 1
1397476 1
695741 1
736389 1
7735462 0
11186866 1
4659560 0
63216910 0
3792462 0
3220452 1
3427983 0
2904576 0
1810004 1
1114919 1
1026143 1
3456913 1
785049 1
16033372 0
3215212 1
1446419 1
639059 0
4101974 1
12395868 1
3009230 0
5512026 1
1070488 1
3580763 1
753475 1
3283139 1
15931217 1
2620241 0
11981217 1
1532362 1
11419598 1
655880 1
1686226 1
9481771 1
2690389 1
931415 1
12209616 1
1813434 0
5400142 1
2348118 1
26384843 0
7199586 0
7690465 1
22266325 0
1365236 1
335023 1
5745570 1
4987726 0
9818633 0
1683721 1
3294856 0
1436481 1
3677116 1
797819 1
4787832 0
31640954 0
10933598 1
680534 1
1479010 1
9925083 1
1891075 1
694760 1
3667277 1
4860807 0
1385994 1
27752990 0
1172055 1
6259378 1
20770565 1
8959087 1
4628853 1
5126829 1
2170806 1
848358 1
1755223 1
4725263 1
2166272 0
1730794 1
1461173 0
2700913 0
1953989 0
2438609 1
916884 1
586244 1
1270466 0
9653587 1
10363433 1
10133014 0
3582912 1
8339612 1
6023877 0
470090 1
3100063 1
4690601 1
5791582 1
2023969 1
2086728 0
3149078 1
2162570 1
15897109 1
8696164 1
6100188 1
4157321 0
2452630 0
1908647 1
3023508 0
6389899 0
842351 1
34479513 1
1870244 1
14213396 1
3330206 0
1734129 1
7029217 1
3605372 0
18818386 0
22743484 1
10504531 0
8911781 0
4954303 0
8413227 1
10422348 0
4220114 0
1153516 1
1123260 1
367029 1
1894235 1
482445 1
2704689 1
8592588 1
2230777 1
7357250 1
5317835 1
6712200 1
15647510 0
5631184 0
628740 1
1664019 0
388366 1
6380545 0
10139062 1
4335619 1
4562914 0
4110423 1
896833 0
9468431 1
8965494 1
5019934 0
6070852 1
3567838 0
326270 1
1118487 1
1356902 1
20544096 0
9648090 0
18031788 0
4078693 1
6594296 1
351885 1
589540 1
4992812 1
2231772 0
18712610 0
16521882 0
3222935 1
3974456 1
1547051 1
2557294 1
3818986 1
1979104 0
1825173 1
3895029 0
7427291 1
3506425 0
1600390 1
2525362 0
2561818 1
4118486 0
835991 0
8606820 0
15886662 0
4496336 0
5596793 0
1800067 1
23679006 1
1496373 1
7420040 1
7980298 0
615701 1
7923895 0
4471246 0
1027730 1
786095 1
1865132 0
8943024 1
4670112 0
6594296 1
1902990 0
3862545 1
10497682 0
6845847 0
6363448 0
4833537 1
649238 1
8720442 0
1676892 1
7410227 0
3597555 1
8522502 1
531666 1
943926 0
12604581 1
7618774 1
24444382 0
4286458 1
8075399 1
6851697 1
15678814 1
1161526 1
8274097 1
19298474 1
6401606 0
2337556 0
1407641 1
7125372 0
508691 0
1266292 1
2670717 1
3821971 0
4749276 0
21152556 0
3501860 0
20144540 1
5788983 1
10258123 0
1679824 1
904521 1
2572202 1
4100993 1
8446708 1
10509524 1
3802654 1
18491807 0
10047033 0
7700726 0
1053621 1
8763871 0
784392 1
2143670 1
11552336 1
2788387 1
2111131 1
1904746 1
4937258 1
12136214 1
5704040 0
1587920 0
27818444 0
12439932 0
4078129 0
19527197 1
20716438 0
6344648 0
2561499 1
1502430 1
542893 1
15915759 0
3319745 1
9012680 1
3069555 0
4785761 0
7609570 1
3208806 1
5272565 0
2855425 0
26017402 1
3504311 1
3216093 1
5412738 1
2483708 1
19821558 0
2754337 0
728403 1
931879 1
4048674 0
34229261 0
1281198 1
4884536 0
7441255 0
1684980 0
1351359 1
3444518 1
2410467 1
1945577 0
3898414 1
8997251 0
35735543 0
14336262 0
8975317 0
2541858 1
1489810 1
6716413 1
9694222 0
812000 0
8359895 1
5381514 1
4331869 1
16717531 0
1530757 1
2267803 1
13738450 0
9098426 1
21927444 1
5077137 0
371622 1
3695752 0
1123248 1
14580838 1
709300 1
1235871 1
770994 1
3251481 0
4284646 1
3132575 1
5316902 0
37797487 0
1977651 1
6625313 0
10237453 0
2726213 1
7948991 0
2285653 0
3584765 1
1746032 0
3154372 0
5844992 0
15198373 1
899768 1
26761888 1
27624687 0
5156101 1
1977648 1
5129575 1
9033777 0
7473565 1
4667342 0
1145705 1
13462385 0
3977146 1
26710326 0
2529206 0
2461189 0
6344648 0
5178019 0
7404225 1
39444710 0
2017572 1
827470 1
3075054 0
2628729 0
4018865 0
13818317 0
1929166 1
7544310 1
6215617 0
5713433 1
5796907 0
2952261 1
6528258 1
3882301 0
1166935 1
7022159 1
1346639 0
1582690 1
4217483 1
18384270 1
897424 1
3107994 1
2605250 0
3809004 0
1176027 1
25707275 0
12954156 1
13909080 1
928541 0
1008879 1
4914701 1
11251842 0
488399 1
1932712 0
6410640 0
5358894 0
1199491 1
16728138 0
1845803 1
850497 1
1569331 1
7864114 1
4005900 0
2330156 1
7528894 1
6438030 0
11527072 0
5834311 0
1845237 1
3716020 1
4700582 0
3183937 0
16796066 0
8689864 1
1044305 0
17442774 0
9728488 0
5094830 0
7976299 0
812000 0
482445 1
7022159 1
5754908 1
12187661 0
4413384 1
1075511 1
6554711 1
500233 1
9885133 0
3572397 0
21264243 1
2036546 1
7670167 1
7904395 1
488761 0
5154753 0
3454943 1
9075448 0
3507072 0
4350116 1
5482688 0
1515805 1
7749029 1
2362021 0
680497 1
3246578 0
674059 1
19355069 0
15420621 0
8658760 0
1630119 1
19557754 0
4643230 1
2903984 1
5552019 1
13615681 0
3208640 0
28616108 0
4071125 1
12274085 1
2466439 0
1140046 1
1514960 1
11154083 0
1693178 1
2580790 0
5805127 1
6889108 1
13076880 1
5252376 1
33554253 0
14025144 1
25146073 1
27827593 1
5956867 1
1609574 1
3643540 0
13441439 1
1242598 1
8101950 0
3466265 1
4554662 1
1124366 0
11343983 1
34917172 1
4729157 0
1317618 0
12593764 1
13011157 1
673189 1
803068 1
11356176 1
2949449 1
3746600 0
8807822 0
13407670 1
5686813 0
4286431 1
13914940 0
3745787 1
7531457 1
751169 0
16286776 0
734996 1
12373344 0
8488368 0
1106365 1
4861343 1
21824854 0
1023765 1
4105651 1
7293206 0
10719841 0
23006415 0
5489633 1
1724518 1
13890123 1
6943962 0
6992757 1
829449 1
14485077 0
11314780 0
26337257 0
2147349 1
11837530 1
4325032 1
1227194 1
13344403 1
5610235 1
3618977 0
1651491 1
4877138 1
12926623 1
5281616 0
6337092 1
2243836 1
25848957 0
1974244 0
16683968 0
1438783 1
797425 0
1939975 0
20402523 1
3252802 1
7247468 1
14331574 0
4243405 1
12780607 0
51828626 0
6787610 1
36067751 1
9557425 0
573347 1
395934 1
6651564 0
3352464 1
341130 0
789115 1
3977311 1
30470124 1
44942381 0
1170857 0
4318870 1
5470645 0
9204541 0
1430116 1
1227194 0
12501122 1
6178421 0
6578951 0
11724415 1
34409149 0
2628477 0
3990441 1
2731157 0
3191265 1
1472512 1
2933200 1
2286587 0
13459425 0
58667608 0
12425713 1
490058 1
653020 0
2567055 1
8507955 1
4539062 0
25406985 1
9663349 0
445173 1
2792174 0
5310354 0
22043229 0
22214475 1
3982551 0
12838891 1
3908585 1
7213791 0
12993532 1
4685933 0
8663494 1
444147 1
6635545 1
18230996 1
906899 1
36653053 1
832659 0
7317781 1
923123 1
16483922 0
3471042 1
532261 1
1305330 0
10666052 0
7675443 1
2427497 0
8271556 0
25036101 0
4448029 0
1959900 1
4721274 0
11249084 0
8865994 0
5879246 1
22654628 0
4569732 1
