201506 1
93210 0
144683 1
227895 1
206959 1
118082 1
247190 1
368314 1
449136 1
387991 1
239385 1
129511 1
406624 0
105273 0
451149 1
242040 1
127077 1
285017 1
401209 1
225837 0
297600 1
409764 0
327017 1
111704 1
315433 0
209109 1
234666 1
119863 1
255793 0
252502 0
154594 1
253720 0
430095 1
261606 0
250076 1
338255 1
272721 1
326280 1
206099 1
65197 1
133499 1
168253 1
177026 1
419610 0
163032 1
151371 1
453976 1
140914 1
257886 1
317047 0
560650 0
98894 0
144683 1
155337 1
139199 0
376530 1
171841 1
302445 0
61418 0
129846 1
174824 1
179106 1
114163 1
137070 1
281675 1
175715 1
248576 1
457331 1
292006 0
35815 1
284204 0
153240 1
432309 1
269549 0
60547 1
57685 1
91989 1
109330 0
294779 1
267931 1
323836 1
74350 1
278608 1
390500 1
72983 1
124608 1
142677 1
522619 1
173498 1
103074 1
287274 1
209766 1
183268 0
123665 1
199005 1
53310 1
165729 1
182926 1
284088 1
264938 1
240085 0
154928 1
268450 1
161681 1
568847 0
189292 1
135579 1
381649 0
354393 0
49621 1
154156 1
274494 0
210653 1
151379 1
263890 1
294279 1
194583 1
330534 1
319379 0
317921 1
164284 1
89087 1
165203 0
118412 1
322557 1
96321 1
516333 1
237529 1
239020 1
119565 1
146122 0
109996 1
125123 0
190538 1
401172 1
304347 1
154928 0
210653 1
256679 0
247301 1
480947 1
284987 0
155555 1
128244 1
127325 0
159298 1
156734 1
415017 0
556827 0
215336 1
86612 1
380306 1
284786 1
429784 0
318858 1
142723 1
65634 1
281628 1
48098 1
124683 1
74157 1
73178 1
303867 0
108345 1
326141 1
164384 1
460372 1
76513 1
96602 1
137518 1
261115 1
398791 1
283786 1
133908 1
404238 1
126727 1
127616 1
103623 0
120684 1
139366 0
59623 1
203133 1
155873 1
48143 1
302687 1
215112 1
103823 1
418604 1
447516 1
173745 0
205947 0
173617 0
215791 0
405832 0
347323 0
418017 1
140694 1
45957 1
90924 1
170922 1
148628 1
241314 1
99859 0
523068 1
338503 0
80309 0
199311 0
166247 1
445922 0
392066 1
138385 0
89693 1
171487 0
437447 1
371759 0
82755 1
303844 0
412599 1
129501 1
132339 1
439287 1
200294 1
339952 0
152295 1
90620 1
252332 1
316959 0
195338 1
188438 1
134366 1
398311 0
91512 1
270011 0
232496 0
84471 1
331422 0
292491 1
175182 1
288315 1
369089 1
279795 0
202436 0
105958 0
304809 0
176792 0
133065 1
313991 1
332386 0
363052 0
238790 1
252332 1
193032 1
292493 0
490948 0
244962 1
489724 0
94709 1
85891 1
39307 1
392781 0
166511 1
156561 0
113110 1
238790 1
231601 0
252072 1
141351 0
149346 1
767751 1
165660 1
167917 1
122054 1
188567 0
115185 1
289537 1
407719 0
117546 1
66343 1
38582 1
362729 0
240402 1
515971 1
886117 0
227447 1
174918 1
276476 1
421141 1
177939 1
312347 1
190428 1
196380 1
87339 1
525973 0
214271 1
200479 1
91247 0
285564 1
228005 1
275075 0
231461 1
193032 1
216853 1
75851 1
264482 1
392066 1
158215 0
203847 1
139940 1
200294 1
123284 1
228547 0
241078 1
120097 1
98584 1
490753 1
138071 1
151919 1
173372 1
288442 0
238804 0
440003 1
294257 0
59388 1
48262 1
247387 1
183992 1
362619 0
118726 1
136551 0
112219 1
122422 1
124661 1
214281 0
583832 0
167835 1
128895 1
191191 1
191844 1
167661 1
100560 1
312161 1
376109 0
210994 1
681967 0
224356 1
237590 1
246164 1
168427 1
211511 1
231133 1
428331 1
117546 1
182749 1
365484 1
172397 1
70289 1
203151 0
138888 1
120277 0
199355 0
90486 1
96654 0
127319 0
383588 1
324983 1
386478 1
155773 1
675270 0
252656 0
77720 1
160478 0
277788 1
139722 1
100385 1
298226 0
334192 1
257292 1
305908 1
220658 1
449443 1
199849 1
177467 0
288756 0
163142 0
321083 0
56212 1
466921 1
219304 1
163151 0
425147 0
112802 1
235254 0
316853 0
459248 0
305900 1
441761 1
647440 1
188947 1
226590 1
429903 0
244863 1
78151 1
135341 1
130144 1
230777 1
97950 1
151932 1
294644 1
104686 1
465015 0
251441 1
442993 0
319776 0
404344 0
103991 1
100686 1
90938 1
402833 0
408969 0
249330 1
280456 1
261976 1
96640 1
131341 0
293787 1
201171 0
322450 1
156786 1
37646 1
192881 1
257483 1
508471 0
199975 1
688158 0
304425 1
469529 0
87752 1
64767 1
337428 0
166496 0
435072 0
561864 0
313641 1
138481 0
136243 1
114149 1
220900 1
223957 1
147922 1
336820 0
326111 0
396061 0
68235 1
857565 0
67870 1
260007 0
124689 1
225635 0
429766 1
336405 1
230404 0
209538 1
415539 1
156841 1
228892 1
645162 1
164988 1
297561 0
224715 1
140314 0
80134 1
168077 0
293866 1
375352 0
469529 0
128661 1
176060 1
362123 0
485985 0
200778 0
297211 1
98450 0
308682 0
239034 1
283672 0
121144 1
174230 1
216255 1
76123 0
434684 1
360066 1
458150 0
312157 1
528044 1
707470 1
434802 1
117503 1
364161 1
445514 0
283772 0
166100 1
219128 0
183261 0
158134 0
133186 1
142507 1
502273 0
228398 0
599713 0
65487 0
201336 1
237415 1
545231 1
146601 1
102876 1
125988 0
329138 0
353405 1
332935 1
213338 1
432053 1
317393 0
373008 0
90495 1
298301 0
95639 0
232311 1
254930 0
60401 1
148925 0
130863 1
263294 1
287525 0
308220 0
113078 0
281192 0
179201 0
390860 1
328295 1
181713 1
242327 1
169353 0
142080 1
86080 0
407015 0
222988 1
248689 1
298878 0
332310 0
263819 1
162793 0
306560 0
200797 0
374070 0
228412 1
130385 1
353379 1
237949 0
487827 0
184396 0
91906 1
87223 1
353662 0
307325 0
149574 1
544419 0
333241 0
92774 0
121313 1
483215 1
142757 1
257006 1
227776 1
158477 0
388792 1
373213 0
210010 0
212809 1
140096 1
458272 0
193123 0
88876 0
264985 1
402910 1
184500 0
216772 1
219017 1
225240 1
241166 0
245787 1
374237 1
249330 0
79984 1
96076 0
76349 1
686284 0
191800 1
135560 1
93418 1
191101 0
179292 1
265188 0
242546 0
547830 0
136373 1
377191 0
296086 0
137877 0
311921 0
86720 0
380795 1
144935 1
142098 0
152056 1
526604 1
93536 1
402689 1
375936 0
307743 0
225682 1
432108 1
265129 1
311700 0
133271 0
106189 1
545051 0
224771 1
221206 0
182823 1
230968 0
242327 1
204081 1
335141 1
525677 0
158726 0
86891 1
556642 0
138858 0
312489 0
332587 0
294485 0
257702 1
378120 1
254454 1
300053 0
96328 1
278003 0
351328 0
136339 0
505502 0
208986 1
96133 1
240551 1
326051 1
176781 1
220750 1
156493 1
193457 0
100803 0
353342 0
352133 1
325214 1
102206 0
81437 1
413865 1
315634 0
89434 1
210369 0
341730 0
263789 0
91255 1
287537 0
108889 1
224609 1
188998 1
200180 1
154331 1
114528 1
212147 1
223463 0
167762 1
239334 1
209615 1
161298 0
203266 1
124340 1
658723 0
542791 1
145337 1
534909 0
428978 1
237750 0
238454 0
88876 1
97950 1
505502 0
356913 1
889298 1
160523 0
205263 1
188072 1
98481 1
225125 0
359530 0
429638 1
260512 0
159502 0
218909 1
76309 0
349052 0
179955 1
273924 0
406831 0
366772 1
183684 1
167553 1
396657 1
159801 1
64562 1
212257 0
76645 1
349587 0
530676 0
392027 0
135867 1
559852 1
270576 0
168853 1
142059 1
499540 0
158254 0
509077 0
219274 0
412161 0
115444 0
103665 1
234151 1
453971 1
113465 1
186387 1
289478 0
234690 1
477340 0
249190 1
745413 0
631949 1
310583 1
372979 1
200836 1
145057 0
275722 0
335051 1
331332 1
342122 0
182991 1
285458 1
198614 0
1054684 1
875461 1
142477 1
249207 0
480711 1
367301 1
127315 1
100380 1
406998 0
346275 1
119004 0
378832 0
240420 0
377063 0
349110 1
492040 0
284810 1
262902 1
106245 1
640759 0
105219 0
529439 1
319283 0
101532 0
200046 0
365991 0
150231 1
149307 1
379402 0
578558 1
381642 0
334101 1
102408 0
266146 0
601061 0
300207 1
78605 1
547720 0
459777 0
551833 0
151652 1
293418 1
281812 1
87230 1
259942 0
179208 1
235754 0
207976 1
215985 1
604480 1
343654 0
138778 1
203996 1
436790 0
270893 0
374017 0
188432 1
85624 1
142915 0
638847 1
193740 1
361831 1
472911 0
293895 0
428704 0
726488 0
383262 0
436682 0
448174 0
209470 1
49693 1
291338 0
195823 1
71097 0
76027 1
248332 1
253445 1
1009527 0
156902 0
228073 1
292403 0
359869 0
112107 1
87230 0
257845 0
193746 1
319246 0
228153 0
616006 0
172696 0
95096 1
164881 0
148162 1
253785 1
171886 1
199529 0
490180 1
426922 0
471714 1
66151 1
102423 0
152684 1
363716 1
196439 0
1033353 1
278882 1
77769 1
172540 0
456278 0
244791 0
366632 0
389950 0
245722 1
236020 1
633229 0
424232 1
409988 0
391398 1
69737 1
268315 1
311660 0
108259 1
654106 0
165320 0
153247 0
195591 1
870945 0
128447 0
108067 1
116973 1
476576 0
308583 1
313729 0
357554 1
567975 0
166931 1
109459 1
414369 0
330262 0
271400 0
159640 1
341082 0
295498 1
