222321 1
85775 0
222681 1
305175 1
294990 1
66968 1
457862 1
540616 1
967115 1
734133 1
286336 1
194912 1
746156 0
94194 0
520478 1
388277 1
174615 1
339317 1
579621 0
522380 0
988706 1
936960 0
435769 1
268541 1
855996 0
267300 0
548070 1
290210 0
222343 0
396148 0
274375 1
642720 0
508237 1
658784 0
503097 0
696970 1
630077 1
432063 1
525412 1
92727 1
226260 1
251186 1
280302 1
462706 0
316382 1
229806 1
806299 0
352281 1
549627 1
412343 0
807261 0
88782 0
222681 1
281920 1
166639 0
567865 0
299610 1
399860 0
112532 1
199673 1
292470 1
581942 1
202916 1
226189 1
359539 1
400194 1
280137 1
581506 1
464051 0
105555 1
531614 0
349841 1
716276 1
378162 0
80811 1
76680 1
101808 1
188256 0
367494 1
567255 1
686836 1
68319 1
521032 1
1193869 1
92615 1
172853 1
250297 1
812521 1
342773 1
83393 1
815753 1
145311 1
447855 1
107839 1
276466 1
60483 1
260222 1
693086 1
549972 1
554685 0
329526 1
306938 1
539648 1
356472 1
378756 1
312027 1
193302 1
1208071 0
319224 1
64742 1
310812 1
435268 0
724979 0
238923 1
206324 1
503371 0
280818 1
335531 1
497047 0
428904 1
196092 0
169043 1
139527 0
175222 1
337443 1
107300 1
909905 1
740435 1
223096 0
140681 1
564965 0
165596 1
177996 0
659534 1
871659 1
468854 1
306938 0
724979 0
443617 0
333817 1
552289 1
194131 1
389757 1
222828 1
228516 0
204909 0
403145 0
543062 0
859528 0
280980 1
85324 1
687385 1
349877 1
986696 1
571525 1
161852 1
123756 1
362546 1
32698 1
160632 1
104092 1
55435 1
465414 0
161575 1
280617 1
152347 1
1106331 0
105906 1
139297 1
162991 1
438813 1
629587 1
446173 1
150039 1
729535 1
151616 1
297241 1
200686 0
166233 1
482887 0
122595 1
411767 1
218715 1
75224 1
1493570 1
443573 1
117425 1
619300 1
461736 1
213377 0
360331 0
359510 0
551421 0
1173519 0
683958 1
834921 1
253247 1
60471 1
175669 1
282683 1
280951 1
445437 1
100621 1
974838 0
748625 0
82786 1
348750 0
271623 1
1199662 1
1095007 0
260174 0
96255 1
254369 0
1303089 0
546716 0
203701 1
487728 0
633881 1
179982 1
319236 1
269624 1
897257 1
671963 0
297869 1
63085 1
542108 1
314662 0
468399 1
240668 1
189436 1
638310 1
193129 1
588495 0
481681 0
129341 1
417948 0
848731 1
250194 1
442031 1
869197 1
554172 0
219239 1
149892 0
432140 1
212340 0
149381 1
858038 1
789673 0
619415 0
430006 1
542108 1
192167 1
816882 1
1332827 0
389354 1
663724 0
53950 1
97014 1
47252 1
530215 0
125459 1
335986 0
201023 0
430006 1
360697 0
274959 1
223012 0
203521 1
1166168 1
207122 1
271891 1
150742 1
492181 0
169260 1
653284 0
925795 1
134543 1
102078 1
55508 1
554005 0
508445 1
680793 0
2659601 0
443794 0
256974 1
462661 0
344487 0
284007 1
371468 1
96226 1
229726 1
112830 1
991511 0
468513 1
145047 1
129650 0
641290 1
577447 1
559842 0
318703 1
192167 1
328534 1
75162 1
510318 1
1095007 0
313042 0
656623 1
213007 1
897257 1
152116 1
349386 1
444034 1
178573 1
188306 1
709126 1
141743 0
453025 1
363410 1
464069 1
354205 0
845847 1
421025 0
171651 1
40977 1
377630 1
276460 0
560142 0
248638 1
322328 0
162487 1
230124 1
116030 1
326168 0
1090850 0
350617 1
138450 1
246520 1
386135 1
169024 1
137721 1
384421 1
451132 0
231101 1
1103013 0
392665 1
504891 1
790096 1
545699 1
307234 1
263038 1
648521 1
107065 1
190879 1
716091 1
175848 1
131961 1
263672 0
95504 1
152612 0
282644 0
132915 1
122085 1
145471 1
686958 1
853768 0
628932 1
133923 1
1012348 0
364360 0
84601 1
287115 1
451605 1
253395 1
159843 1
468705 0
490607 0
281483 1
1062805 1
353336 1
630436 1
246938 0
195881 0
313829 1
315146 0
728612 0
166475 1
802522 1
230731 1
355901 1
500294 0
192928 1
317290 0
461425 0
1136673 0
752372 1
1324961 0
864367 0
470646 1
485679 1
655781 0
395794 0
93214 1
225542 1
156831 1
211758 1
88453 1
358269 1
638709 1
155106 1
627500 0
399643 1
558210 0
715898 0
675497 0
129664 1
137552 1
88811 1
504557 1
1129137 0
344376 1
469761 0
495873 1
121027 1
311582 0
704429 1
385462 1
439137 1
207033 1
39254 1
219151 1
254245 1
1125917 0
547788 1
1284273 0
543996 1
516162 0
70966 1
71576 1
174041 1
213282 0
684779 1
728835 0
275467 1
194193 0
233673 1
206955 1
236526 1
175906 0
233597 1
374342 0
562557 0
566635 0
143785 1
638790 0
105247 1
285122 0
128387 0
434664 0
1124760 0
589456 0
431679 0
255340 1
490641 0
162203 1
576816 1
857847 1
238360 0
651421 1
595327 1
254999 0
103323 1
249203 0
597343 1
453563 0
516162 0
146884 1
444799 1
356792 0
945472 0
430026 0
404939 1
70679 1
539792 0
357072 1
428004 0
295281 1
421768 1
314800 1
79745 0
688987 1
468193 1
1318238 1
548600 1
812209 1
908292 1
929673 1
83108 1
727637 1
1029293 1
420005 0
163353 0
170599 0
374406 0
309485 0
163905 1
369978 1
786945 0
306506 0
1227308 0
110285 0
548882 1
916740 1
1045255 0
142978 0
111124 1
201518 0
250143 0
923753 1
588961 1
564415 1
636282 1
623949 0
650053 0
108762 1
525634 0
77923 1
473900 1
715568 0
110935 1
227239 1
180855 1
428588 1
833632 0
306983 1
149155 0
946418 0
566954 0
358486 0
882697 1
550120 0
400616 1
167711 0
227288 1
118680 0
1573204 0
279822 1
998788 1
378866 0
409067 0
380321 1
223800 0
411133 0
353289 0
657483 1
397434 1
271009 1
634399 1
283580 0
739643 0
290942 0
93790 1
108611 1
487137 0
975633 0
212036 1
825173 0
595143 0
117778 0
125336 1
430184 1
340087 1
235969 0
553389 1
298681 0
944750 1
1013223 0
654045 1
279812 1
108714 1
336156 1
373088 1
116523 0
733184 1
407639 1
349580 0
406747 1
274605 1
379888 1
692463 0
433704 1
922493 1
564677 1
42159 1
206341 0
146397 1
1088420 0
201007 1
80882 1
106068 1
418397 0
231748 1
263524 0
257968 0
1028846 0
185624 1
637294 0
499464 0
166671 1
847781 0
211300 0
373282 1
230964 0
240320 0
366304 1
1313704 1
138494 1
1390866 1
1050310 0
510469 0
281380 1
524931 0
341766 0
475437 0
214473 0
184887 1
962895 1
428316 1
577468 0
211310 0
332315 0
400616 1
385884 1
649512 0
1288974 1
198958 0
96995 1
626398 0
113034 1
388866 0
621600 1
479399 0
360487 1
648079 1
568865 1
571712 1
357477 1
459276 1
230285 0
266494 0
689520 1
257213 1
159332 1
423376 1
785830 0
228610 1
372149 1
361592 1
306017 1
291846 0
941909 0
916203 1
683376 1
84652 0
105362 1
630474 1
761444 0
121185 1
320372 0
353243 0
326166 0
150489 1
619512 0
115249 0
134725 1
255165 1
311700 1
316753 0
208047 1
401733 1
247424 0
307281 0
593775 0
239975 1
430852 1
222893 1
182017 1
682046 0
1116408 1
137297 0
1260422 0
737367 0
504748 0
285503 0
116523 0
88453 1
689520 1
415750 1
1232397 0
242003 1
215384 1
264571 1
114432 1
457026 0
561973 1
971822 1
253402 1
489924 1
875019 1
118164 0
490191 1
259161 1
460373 0
697247 0
441813 1
318245 1
183990 1
619196 0
277060 1
102890 1
399477 1
70889 1
1043491 0
932563 0
790628 0
202590 1
785075 1
415157 0
356518 1
345203 1
891750 1
247889 0
2142961 0
582445 0
701289 1
322577 0
152607 1
243776 1
522296 0
186513 1
207003 1
595967 0
515575 1
667606 1
598833 1
2260723 0
1133230 0
870935 0
687726 1
374742 1
193756 0
471081 0
331177 1
190122 0
717340 0
334120 1
410522 1
188436 0
832389 0
1791750 1
359143 0
204300 0
889918 1
819244 1
115792 1
211485 1
1132068 0
489500 1
228685 0
722154 0
585583 1
417321 0
450054 1
1066365 0
371763 1
395941 1
89497 0
1306086 0
152578 0
585974 0
515198 0
110257 0
303750 1
763625 0
253860 1
216223 1
1557495 0
914363 1
413611 0
363358 1
164050 0
570228 0
1029135 0
575539 1
101763 1
426801 0
435389 0
466806 0
311303 1
485414 1
337081 1
248212 0
484208 1
271510 1
179490 0
213999 1
355292 1
617978 1
454839 1
692131 1
232973 1
878123 0
300170 0
684158 0
175272 1
124879 1
196287 0
1005157 1
478239 1
542987 1
697027 0
363789 1
581892 0
1687802 0
507961 1
1049778 0
792370 0
183558 1
59952 1
609706 0
325218 1
95540 0
98375 1
609011 1
1103437 0
1602107 0
206259 0
556292 1
535279 0
633130 0
110686 1
248212 1
372413 0
321847 0
672412 1
746265 1
856319 0
312383 0
278562 0
285844 0
278634 1
282159 1
409074 1
318338 0
1270457 0
958301 0
679673 1
100202 1
103945 0
306571 1
805310 0
400647 0
2130746 1
517296 0
88283 1
314710 1
677238 0
575751 0
683727 1
465708 0
747118 1
345364 1
826554 0
386437 1
562241 0
628587 1
96519 1
485115 0
615270 0
272932 1
968950 0
141771 0
356401 0
193930 1
1399957 1
549099 1
235130 1
185549 0
665784 1
613690 1
317211 0
963133 0
790446 1
240611 1
137427 1
588510 0
869042 0
460590 0
301179 1
1044099 0
444902 1
