134497 1
62241 1
113288 1
139149 1
137982 1
147137 1
149851 1
181691 0
303160 1
160908 1
211097 1
95714 1
237345 0
110246 0
171302 1
170244 1
81201 1
134575 1
266271 1
162570 1
237285 1
277966 0
157251 1
92226 1
307014 0
162911 0
146448 1
94922 1
176280 0
184385 0
97076 1
268977 1
207223 1
211774 0
247415 1
233674 1
219988 1
141506 1
166490 1
70002 1
124593 1
169933 1
89176 1
280118 0
133389 1
113540 1
290593 1
98934 1
154853 1
154767 0
362780 1
59004 0
113288 1
140232 1
150797 0
273554 0
143020 1
327868 1
79198 0
74415 1
113662 1
113357 1
64108 1
110476 1
263870 1
153924 1
159382 1
276471 1
194945 0
34957 1
206068 0
116051 1
241618 1
200469 0
44877 1
32105 1
75157 1
65477 0
174006 1
180047 1
191694 1
52396 1
187457 1
348976 1
75295 1
119408 1
87186 1
382331 1
86174 1
64264 1
177081 1
117408 1
123489 0
79958 1
170728 1
99978 1
82823 1
244138 1
170047 1
181882 1
156640 0
166806 1
193939 1
131533 1
395547 0
168167 1
83586 1
295116 1
219319 1
33426 1
133507 1
227733 0
183964 1
116371 1
140835 1
197843 1
122692 1
142864 1
177288 0
253300 1
123707 1
62571 1
112286 0
82444 1
338913 1
36200 1
389676 1
261049 1
145911 1
86122 1
110087 0
52061 1
119007 0
148431 1
242719 0
211375 1
166806 0
183964 1
182934 0
177429 1
273576 1
163857 0
175939 1
47595 1
119367 0
93981 0
162790 1
132593 1
259075 0
141921 1
97379 1
307669 1
175475 1
285391 1
189438 1
89964 1
50483 1
200799 1
30759 1
85189 1
62272 1
57071 1
237290 0
99809 1
163251 1
109460 1
298963 0
47441 1
103147 1
81625 1
189478 1
171486 1
252372 0
84725 1
262139 1
56061 1
91507 0
104120 0
87596 1
174474 0
56260 1
173462 1
107258 1
49953 1
321847 1
170020 1
67227 1
225186 1
184509 1
139331 0
233693 0
93532 0
124535 0
215889 0
238167 1
162842 1
114491 1
47508 1
71575 1
138547 1
145339 1
246449 0
83275 0
491205 1
269788 0
74598 1
172296 0
135020 1
223395 0
331960 1
123816 0
64436 1
120741 0
259811 1
212164 0
92995 1
368168 0
269801 1
136073 1
126981 1
267717 1
228628 1
287514 0
117084 1
65470 1
158729 1
230593 0
159755 1
141721 1
117196 1
293630 1
64056 1
209662 1
197559 0
62974 1
257422 0
275540 1
140976 1
163128 1
400080 1
180135 0
150562 0
84179 0
162062 0
115419 0
65394 1
267397 1
267562 0
317754 0
157828 1
158729 1
158977 1
238484 1
333204 0
113161 1
265765 0
48023 1
45094 1
38113 1
236173 0
79065 1
140744 0
133661 0
157828 1
130689 0
187523 1
124419 0
100635 1
540337 0
107178 1
149539 1
72933 1
127206 1
80952 1
323334 1
217584 0
85358 1
49529 1
38178 1
269532 1
203563 1
365548 0
594245 0
182980 1
136515 0
183079 1
154358 1
105515 1
255637 1
77574 1
139129 1
64339 1
454243 0
114001 0
117860 1
73253 0
217566 1
195168 1
168783 0
158515 1
158977 1
130916 1
61408 1
131227 1
331960 1
93762 0
170326 1
88138 1
228628 1
113498 1
331228 1
238496 1
83121 1
84613 1
215531 1
139267 1
144678 1
111393 1
267664 0
148522 0
271630 1
170450 1
40799 1
24179 1
148268 0
148657 1
326805 0
82969 1
106698 0
66357 1
98459 1
67096 1
161002 0
463844 0
119580 1
79920 1
150440 1
148386 1
124726 1
87386 1
204111 1
357920 1
187073 1
326710 0
211794 1
181451 1
179738 1
147260 1
235640 1
122849 1
198505 1
99208 1
149399 0
265819 1
114280 1
56355 1
231123 0
91094 1
84564 0
114819 1
87891 1
62339 0
77030 0
222298 0
288835 0
226737 1
97696 1
368516 0
289319 0
55442 1
126404 0
210516 0
99210 1
91880 1
238375 0
204936 0
203917 1
265202 1
199506 1
354376 1
166255 0
113782 0
108856 0
124958 1
194979 0
59054 1
282826 1
174227 1
111809 0
325060 0
132078 1
190055 0
267997 0
322839 0
243581 1
278672 0
276099 0
165195 1
198804 1
254289 1
206051 1
52682 1
107464 1
90173 1
199011 0
82199 1
121192 1
191032 1
96795 1
216627 1
148703 1
334921 0
278762 0
251732 0
71100 1
64973 1
67907 1
288700 0
258452 1
110399 0
277908 0
146834 1
99965 1
200811 1
227983 1
94388 0
169022 0
109590 1
29550 1
120305 1
172836 0
291370 0
206349 1
356395 0
186301 1
190373 0
68741 1
57845 1
172591 0
115523 1
255538 1
346809 0
168986 1
91996 0
84669 1
98598 1
123184 1
235990 0
106448 1
322270 0
281585 0
259063 0
59880 1
564488 0
119779 1
153894 0
87817 1
157596 0
398945 0
160318 1
173533 0
148041 1
270872 0
115529 1
192148 1
325036 1
187816 1
356277 1
178297 1
103733 0
56408 1
101017 0
233159 1
306463 1
190373 0
83808 1
109119 1
256097 0
292007 0
124875 0
140904 1
50184 0
266329 0
109589 1
203752 0
81638 1
116607 1
126402 1
74364 1
221397 1
251444 1
390105 0
171052 1
302455 1
487466 0
237655 1
80872 1
252857 1
305169 1
214427 1
119855 1
112395 1
185077 0
76045 0
79858 1
95707 1
229900 0
166068 0
590245 0
69873 0
156569 1
207531 1
292930 0
108319 0
65719 1
100416 0
200514 1
334711 1
175404 1
162685 1
294168 1
242536 0
250641 0
75638 1
192417 0
55797 1
187395 1
212203 0
44445 1
122293 1
82927 1
205253 1
281887 0
192999 1
87063 0
353985 0
220650 0
170781 1
236692 1
198544 0
156796 1
118834 0
228067 1
50712 1
356653 0
171286 0
336784 0
222287 0
137710 0
224551 1
121686 0
193334 1
155485 0
207015 1
178226 1
92675 1
252586 1
163932 0
196048 0
124504 0
68727 1
67402 1
129944 0
204752 0
120594 1
393491 0
198444 0
67706 0
81515 1
248182 1
96534 1
199154 0
109803 1
127171 0
328446 1
297581 0
272726 1
155086 1
99509 1
402560 0
125879 0
43647 0
167512 1
202456 1
170972 0
145496 1
142535 1
113897 1
169595 0
138885 1
230075 1
253123 1
51550 1
88187 0
76712 1
431575 0
134475 1
57275 1
74246 1
137764 1
134990 1
109252 1
213523 0
522497 0
147470 1
383498 0
277786 0
143123 0
264040 0
67568 0
188648 0
107365 0
143407 0
143865 0
321182 1
64168 1
409380 1
192569 0
285066 0
143552 1
345176 1
152972 0
200040 0
110054 0
79053 1
326461 1
192823 1
183648 0
136762 1
188133 0
156796 1
162844 1
220379 0
329887 0
131515 0
65275 1
374362 0
82019 0
170523 0
310521 0
109813 1
197425 1
342230 1
168134 1
305628 0
107840 1
167896 1
237620 0
73461 1
259637 0
107892 0
118830 1
158623 1
240030 1
95606 1
171123 1
107694 1
122992 0
70620 0
195885 0
199062 1
310735 0
75122 0
60234 1
319035 1
359755 0
63170 1
156047 0
193967 0
220869 1
61959 1
276864 0
70836 1
143932 1
152534 1
117924 1
99040 1
84111 1
202035 1
131757 1
139501 0
173495 1
100816 1
162794 1
141094 1
102805 1
393312 0
298956 1
81245 0
370298 0
320179 0
257544 1
207925 0
43647 0
82199 1
259637 0
192942 1
556399 0
116448 1
150891 1
141331 1
75399 1
265281 0
304260 0
349810 1
103007 1
118569 0
188919 1
81803 1
277158 0
121566 1
226677 0
331016 0
195891 1
229016 0
114331 1
352205 0
99460 1
44970 1
171346 1
45883 1
237773 0
448585 0
296437 0
137245 1
333098 0
193366 0
74510 0
134811 1
370194 0
109960 0
425997 0
215607 0
276736 0
123120 0
93234 1
145380 1
269772 0
127067 1
103662 1
165952 0
150831 1
466418 0
178235 1
328511 0
368878 0
208322 0
235492 1
169006 1
93279 0
218634 0
223857 0
274085 1
136657 0
127085 1
152890 1
114533 0
334752 1
559088 1
136367 1
82873 0
370681 1
280852 0
81212 1
99871 1
287993 0
205932 1
106146 0
232009 0
157349 0
186169 0
169138 1
388172 0
172562 0
151674 1
55038 0
465018 0
95291 0
381482 0
228734 0
55783 0
122974 0
286201 0
89254 1
101722 1
276298 0
247266 1
197268 1
222773 1
92104 1
164910 0
392530 0
244454 1
44393 1
268836 0
262002 0
173551 0
80952 1
292692 1
193301 1
140719 0
204096 0
145295 1
156301 0
144396 1
144938 1
505098 1
208118 1
132220 1
133576 1
394050 0
146901 0
254391 0
220960 0
71173 1
99698 0
401253 1
153447 1
204360 1
214702 0
275194 1
291163 0
550751 0
280510 1
304013 0
424057 1
182803 1
39220 1
234373 1
173214 1
88656 0
55927 1
228831 1
190394 1
418704 0
127561 1
218579 1
218345 0
226449 1
59271 1
140719 1
191958 0
103261 0
225889 0
194020 1
392921 0
124503 0
82562 1
96174 0
121191 1
144692 1
156856 1
151091 0
363149 1
304182 0
254835 1
52677 1
97317 0
138943 1
242062 1
141650 0
488417 0
220922 0
53106 0
119978 0
219778 1
157074 0
311236 1
301923 1
170369 1
178191 1
457787 0
281628 1
211700 0
247047 1
76512 1
180140 0
205112 0
165961 0
286290 0
97208 0
170971 0
136393 1
596685 1
74893 0
96076 1
94089 0
321433 0
229966 1
272828 0
362000 0
330412 0
153504 1
77057 1
325655 0
259799 0
193550 0
114084 1
181306 0
179106 1
