556010 1
100904 0
224841 1
335143 1
329941 1
129385 1
367807 1
595876 1
808867 1
606552 1
349614 1
271186 1
567342 0
122316 0
530109 1
389700 1
147387 1
424752 1
549146 1
596584 1
972273 1
1085768 0
528928 1
293466 1
785778 0
469716 1
758088 1
399276 0
277515 1
487712 1
427743 1
1098382 1
474241 1
882245 0
399991 1
944388 1
603448 1
526748 1
320512 1
74658 1
216847 1
326411 1
177032 1
584395 0
311382 1
337181 1
327359 1
407035 1
549074 1
354741 0
893789 0
75760 0
224841 1
280291 1
138772 0
560428 0
338368 1
391600 0
116542 0
178413 1
334616 1
578958 1
248486 1
247662 1
410099 1
441926 1
301469 1
559482 1
339652 1
100838 1
447593 0
275274 1
604228 1
346227 0
84056 1
92966 1
140077 1
214805 0
359156 1
560445 1
765321 1
78470 1
586850 1
1639977 1
143770 1
376821 1
203471 1
851608 1
353428 1
82134 1
1020467 1
230509 1
465765 1
138762 1
332609 1
106849 1
201159 1
491327 1
314934 1
595051 0
405051 0
182792 1
573907 1
362956 1
915926 1
219666 1
216378 1
1204920 0
389064 1
47639 1
427828 1
663288 0
1064528 0
253562 1
348179 1
618912 1
333576 1
295325 1
404924 0
405875 1
319121 1
77544 1
162782 0
157906 1
299109 1
91099 1
995436 1
988690 1
261991 0
153228 1
751438 0
178762 1
149703 0
624595 1
693469 1
449841 1
182792 0
1064528 0
444777 0
264514 1
601941 1
438904 0
160775 1
119715 1
234098 0
241643 0
190029 1
575846 0
867584 0
319983 1
100764 1
785120 1
381959 1
1109241 1
665914 1
189205 1
99450 1
238035 1
74039 1
87185 1
164843 1
40519 1
378788 0
165590 1
378365 1
161709 1
864763 0
121245 1
176067 1
166364 1
443994 1
714220 1
364798 1
178562 1
876362 1
203439 1
353677 1
188507 0
100285 1
349025 0
166096 1
375291 1
322148 1
64167 1
1248260 1
379404 1
151741 1
987182 1
779437 1
239311 0
545857 0
496410 0
633479 0
1193093 0
619278 0
656265 1
296115 1
67861 1
202370 1
261327 1
342510 1
559659 1
137844 1
898745 1
938154 0
143533 1
429653 0
419490 1
1374669 1
1267837 1
228833 0
125567 1
297819 0
731872 0
509528 0
301662 1
887237 0
590849 1
210173 1
227912 1
380075 1
816836 0
705239 0
314706 1
69612 1
603895 1
435529 0
414916 1
289366 0
212705 1
542110 1
239511 1
612333 0
446923 0
130075 1
404343 0
941677 1
266021 1
603335 0
1102933 1
621549 0
259877 0
136244 0
297223 0
278362 0
166014 1
604295 1
1029784 0
496333 0
456998 1
603895 1
195198 1
900278 1
1280813 0
382393 1
571446 0
62736 1
86257 1
54537 1
430244 0
197140 0
359433 0
228686 0
456998 1
616207 0
271241 1
242955 0
198042 1
1458582 1
182782 1
363251 1
121254 1
470502 0
132323 1
660907 0
935607 1
131340 1
163219 1
51003 1
686385 1
458237 1
630786 0
1714432 0
372284 0
230603 1
616240 0
350045 0
261644 1
449351 1
144179 1
166136 0
111359 1
925311 0
550169 0
180833 1
143625 0
626814 1
451621 1
524261 0
373703 1
195198 1
295914 1
83737 1
546181 1
1267837 1
309663 0
587073 1
241548 1
816836 0
123061 1
489114 1
692560 1
207935 1
126035 1
669614 1
142653 0
457042 1
283930 0
479725 0
283063 0
829722 1
409177 0
159627 1
44248 1
426381 1
323772 1
705403 0
220381 1
439352 0
185590 1
269553 1
133272 1
404804 0
1056148 0
357979 1
180967 1
312824 1
659846 1
202235 1
144990 1
539621 1
483970 0
228569 1
927844 0
382534 1
646146 1
826965 1
575544 1
638708 1
362683 0
942070 1
208354 1
349181 1
767295 1
152175 0
115291 1
349542 0
95307 1
128981 1
260969 0
152852 1
133626 1
174418 1
723352 1
623284 0
786814 0
144961 1
953489 1
364510 0
94365 1
279764 1
733886 1
339427 1
200000 1
518209 0
552444 1
349962 1
1133153 1
345792 1
648924 1
316743 1
187235 0
407732 0
242196 0
523291 0
92583 1
640239 1
265285 1
551487 1
475089 0
201651 0
293994 0
553226 0
1091863 0
773377 1
771444 1
996483 0
348148 1
705658 1
604832 0
502015 0
124354 1
241065 0
209645 1
228871 1
124431 1
406459 1
668257 1
186048 1
582686 1
534297 1
472048 0
1066551 0
610867 0
164845 1
132180 1
133226 1
576717 0
1315754 1
208874 0
693418 1
423089 1
164529 1
311587 0
705735 1
382056 1
467728 1
279882 0
50889 1
112869 1
282047 1
1270507 0
574728 0
1456013 0
649440 1
411191 1
76962 1
74638 1
303581 1
311975 0
487575 1
1178798 0
312611 1
318628 0
284909 1
255588 1
335456 1
304427 0
157430 1
383017 0
534241 1
567512 1
163171 1
490683 0
108613 1
291733 0
123775 0
465451 0
1045787 1
374922 0
450405 0
311246 1
711024 1
183915 1
730897 1
658900 0
212574 1
688350 0
538268 1
209618 0
99741 1
257189 0
725878 1
519315 0
411191 1
152345 1
507769 1
365363 0
609572 0
469690 0
411305 1
64734 1
533574 0
278971 1
499339 0
235288 1
471044 1
340356 1
86489 0
1229638 0
376189 1
1408902 1
490499 1
956544 1
1043496 1
1340866 1
139283 1
707850 1
810974 1
521278 0
238971 1
233846 0
269625 0
155479 0
207641 1
272285 1
1378469 0
313247 0
989526 0
88052 0
472006 1
963201 1
813842 0
114897 0
130140 1
229496 0
271328 1
887228 1
476691 1
457539 1
664363 1
565975 0
789803 0
123180 1
438246 0
92589 1
482460 0
643269 0
130852 1
174775 1
213339 1
382163 1
873796 1
305147 1
150628 0
608590 0
443871 1
468205 0
938494 1
638019 0
483730 1
331123 1
167922 1
120299 0
1255443 1
280073 1
894301 1
444867 0
486625 0
499896 1
305456 0
297668 0
598049 1
611878 0
276587 1
261917 1
600761 1
417159 0
710373 0
340346 0
80567 1
118512 1
412624 0
1056548 0
209979 1
673675 0
875958 0
117074 0
140700 1
354300 1
399402 1
248914 0
358508 1
357290 0
1026674 1
943552 0
749775 0
298427 1
136223 1
401584 1
405577 1
105297 0
731799 1
339002 1
276494 1
271563 1
315187 1
210711 1
589192 0
613318 1
1892153 1
459169 1
48904 1
188342 0
251469 1
1216598 0
309414 1
103090 1
112036 1
391123 1
331366 1
259956 1
313688 0
833920 0
253470 1
645039 0
657769 0
139467 0
714013 0
238619 0
361542 1
251313 0
303476 1
391675 1
1309592 1
130511 1
1369814 0
1054332 0
602211 0
303762 1
691153 0
385948 1
445869 0
200159 0
199322 1
845245 0
491919 1
662967 0
246834 1
430652 0
483730 1
551795 0
506128 1
1565871 0
247908 0
165685 1
550037 1
168354 0
417564 0
557283 1
309118 0
283492 1
580271 1
509346 1
763031 1
348630 1
419709 1
257731 0
247937 0
552488 0
197360 1
199264 1
484247 1
877944 1
309449 1
359755 1
377264 1
328913 1
254870 0
1180462 0
844112 1
874616 1
108171 0
87254 1
1109036 1
619311 0
111150 1
236981 0
441215 0
410111 0
176876 1
505599 0
210128 1
162021 1
225810 1
278296 1
416537 0
273434 1
494835 1
262936 0
332873 0
462674 1
234425 1
381187 0
286604 1
272301 1
784675 0
455785 1
157107 1
973377 0
685576 1
373125 0
314505 0
105297 1
124431 1
552488 0
694004 1
1399318 0
266908 1
135880 1
294724 1
149100 1
448242 0
668288 0
857776 1
292028 1
439537 0
881946 1
107035 0
430595 1
260652 1
624498 0
575441 0
408939 1
345199 0
222660 1
604782 1
328460 0
133530 1
559089 0
88808 1
991040 0
1098049 0
730836 0
306746 1
816831 0
413666 0
460116 1
422406 1
670071 0
300928 0
2756834 0
722030 0
668638 1
273938 0
164796 1
244150 0
863442 1
179190 1
171985 1
564073 0
564574 0
842668 0
528131 0
1903703 0
1412081 0
1132802 0
1450561 1
441144 1
250323 1
509230 0
348760 1
304970 0
980204 0
300821 1
548572 1
186251 0
939355 0
2136581 1
408378 0
189202 0
808093 1
1145334 1
118961 1
201263 1
1387719 0
651090 1
280936 0
678736 0
1057886 0
434696 0
490076 1
1040769 1
318616 1
557435 1
124321 1
1132010 0
175976 0
552947 0
740984 0
92787 0
271086 1
1055452 0
188378 1
272265 1
1333420 0
813164 1
487407 1
516377 1
235513 0
742695 0
814868 0
1118754 0
106942 1
485616 0
460844 0
617931 0
278348 1
531881 1
351306 1
149788 1
560761 1
306464 1
247825 0
306001 1
371850 1
1181519 0
444709 1
609033 1
272893 1
990268 0
338567 0
830018 0
240751 0
146565 0
179326 0
925844 1
358863 0
517302 1
744585 0
477305 1
556827 0
1766967 0
485290 1
1118093 0
817762 0
166582 1
59383 1
568588 1
330664 1
81520 0
107123 1
712131 1
1048870 0
2390950 0
241865 0
490368 1
505151 0
903602 1
151185 1
149788 0
330094 0
367629 0
513085 1
561562 1
1104771 0
260068 0
487289 0
336749 0
363005 1
305314 1
434411 0
285503 0
1424616 1
1212415 0
1062893 1
97939 1
85501 0
262223 1
644005 1
308052 1
1183411 1
613442 0
84190 0
385782 0
581256 0
646177 0
682059 0
449329 0
593216 1
353951 1
891823 0
456107 1
1015026 1
871863 1
62082 0
512367 0
803785 0
112241 1
1152682 0
111714 1
403325 0
144322 1
965160 0
324819 1
197979 1
192550 0
596949 0
479467 1
443928 0
1569050 1
755076 0
242777 0
188695 1
563446 0
728245 0
505219 0
282947 0
850530 0
656290 1
