477681 1
96708 0
206353 1
330623 1
304583 1
122931 1
436733 1
491771 1
729803 1
563103 1
304200 1
222473 1
535798 0
117911 0
493692 1
373582 1
127630 1
352932 1
1253217 1
455427 1
874182 1
743470 0
459269 1
278840 1
563624 0
365720 1
430548 1
379160 0
228101 0
418448 1
403998 1
674403 1
226866 1
679262 0
347236 1
497305 1
526083 1
443411 1
314878 1
68208 1
227988 1
357605 1
158586 1
501785 0
282907 1
271713 1
298956 1
360607 1
498597 1
328529 0
1060902 1
73130 0
206353 1
235958 1
128886 0
532410 0
298852 1
432636 0
103366 0
133783 1
294899 1
494710 1
192450 1
225597 1
370722 1
400829 1
275411 1
430465 1
307629 1
95745 1
429864 0
253879 1
584043 1
338087 0
77525 1
76882 1
133720 1
163808 0
341827 1
521344 1
495138 1
74291 1
419120 1
1374873 1
127832 1
354165 1
202462 1
786616 1
306665 1
76498 1
863273 1
218790 1
390770 1
118774 1
246090 1
98675 1
197141 1
485728 1
294365 1
496662 0
172258 0
162230 1
548716 1
306566 1
420325 1
218786 1
172444 1
1124097 0
347870 1
45161 1
277520 1
516165 0
729751 0
215430 1
218080 1
526359 0
274204 1
294995 1
384738 0
401120 1
318888 1
74220 1
184069 0
137379 1
287216 1
89185 1
911414 1
769751 1
228701 0
145023 1
528961 0
132635 1
146786 0
616052 1
676669 1
381207 1
162230 0
729751 0
396412 0
234922 1
537179 1
489688 0
151051 1
113487 1
202624 0
197061 0
179292 1
488351 0
897805 0
294500 1
98289 1
771642 1
355237 1
1122625 1
553527 1
139989 1
83785 1
225864 1
31102 1
80479 1
140368 1
37549 1
375263 0
160487 1
342043 1
145606 1
755074 0
88843 1
161775 1
148831 1
388196 1
445263 1
361391 1
168712 1
667434 1
161994 1
330240 1
222323 0
96066 1
314343 0
137465 1
289689 1
267381 1
58431 1
991567 1
368460 1
143565 1
706676 1
757108 1
228357 0
405637 0
320691 0
489897 0
1141685 0
753547 0
966440 0
260643 1
63076 1
171980 1
223762 1
278269 1
429465 1
125580 1
755866 1
682364 0
139786 1
334852 0
245225 1
1081904 1
577477 1
216976 0
105367 1
236817 0
1004342 0
571456 0
208270 1
745785 0
481056 1
206943 1
241412 1
459396 1
747791 1
673731 0
245491 1
60819 1
589681 1
407057 0
385532 1
273416 0
210388 1
518775 1
200784 1
386010 0
400662 0
116584 1
383697 0
826438 1
242877 1
441572 1
793255 1
532047 0
235400 0
126064 0
288880 0
257806 0
146035 1
515263 1
816696 0
496288 0
449711 1
589681 1
248778 1
1080995 1
1183557 0
359971 1
641577 0
55397 1
80563 1
42945 1
583077 0
175343 1
315243 0
263494 1
449711 1
468362 0
257939 1
226544 0
183058 1
1389529 1
169127 1
313566 1
119062 1
449131 0
119747 1
658374 0
893349 1
115712 1
142949 1
48068 1
652161 1
424468 1
462728 0
1552602 0
355472 0
214059 1
383788 1
412402 0
230788 1
439086 1
134391 1
232123 0
104140 1
921469 0
341970 1
165311 1
130027 0
619996 1
433490 1
416111 0
401985 1
248778 1
263168 1
78455 1
548974 1
577477 1
272106 0
504527 1
190628 1
747791 1
117084 1
232001 0
736302 1
181139 1
177951 1
631245 1
128470 0
322163 1
220297 0
466238 0
259873 0
808231 1
377987 0
153290 1
40696 1
340802 1
270405 1
489437 0
200201 1
292198 1
165093 1
237715 1
124950 1
306744 0
1032696 0
313883 1
173706 1
301819 1
571891 1
194707 1
138556 1
501089 1
464481 0
210849 1
898367 0
334927 1
423681 1
687044 1
494023 1
300730 1
346372 0
668003 1
189888 1
333013 0
607619 1
143038 0
104277 1
322360 0
87993 1
109568 1
243177 0
141828 1
122171 1
154745 1
565496 0
801346 1
667976 0
126663 1
1069270 1
473983 0
88466 1
269589 1
514528 1
238668 1
171036 1
314302 0
573533 1
323921 1
1049789 1
296293 1
990928 1
294081 1
176684 0
381602 0
284963 1
455228 0
91156 1
708706 1
192610 1
467165 1
428719 0
207587 0
281852 0
471175 0
950775 0
648535 1
673639 1
611410 0
332110 1
584225 1
562088 0
438320 0
120515 1
192907 0
149187 1
202232 1
115947 1
381045 1
636553 1
172312 1
393714 1
469326 1
484133 1
917818 0
605756 0
148817 1
115301 1
128715 1
530447 0
1300612 1
225847 0
632404 1
470401 1
156761 1
285856 0
714601 1
393864 1
484507 1
267422 0
42663 1
103761 1
263121 1
1337861 0
382130 1
1841729 0
547975 1
406128 1
79430 1
69692 1
249476 1
313916 0
475651 1
972879 0
297050 1
192882 0
222119 1
240357 1
228366 1
214465 0
149617 1
472214 0
506224 1
435860 0
141663 1
524447 0
103438 1
276359 0
115638 0
407834 0
1018695 1
354728 0
427331 0
269174 1
443804 1
168762 1
570903 1
633002 0
246099 1
781999 1
404719 1
188767 0
89312 1
226984 0
532969 1
440475 0
406128 1
128927 1
454531 1
331225 0
628972 0
492328 0
356029 1
62169 1
557972 0
232970 1
470857 0
204226 1
409674 1
315886 1
76713 0
546144 1
355376 1
1584274 1
462274 1
750316 1
1175467 1
864094 1
80291 1
640839 1
786800 1
365025 0
224498 1
193492 0
259613 0
148810 0
197685 1
246918 1
1003365 0
293118 0
852928 0
81020 0
463372 1
832584 1
897558 0
106459 0
116837 1
203347 0
243831 1
751004 1
470201 1
385218 1
628763 1
505182 0
613380 0
114967 1
407584 0
88339 1
417817 1
575728 0
117727 1
167696 1
211630 1
360577 1
684845 1
312628 1
141322 0
911234 0
399559 1
430147 0
779579 1
762394 1
380474 1
307709 1
160274 1
110420 0
1148041 1
253939 1
855405 1
351873 0
387976 0
479605 1
288883 0
261606 0
372736 1
598792 0
264085 1
238124 1
673848 1
348791 0
757559 0
290982 0
74005 1
108962 1
375819 0
963262 0
177608 1
721179 0
691329 0
108718 0
128693 1
324947 1
362631 1
216268 0
247308 1
307953 0
900457 1
892191 0
483613 0
261253 1
128136 1
373917 1
354819 1
91188 0
724412 1
327422 1
272411 1
248385 1
245669 1
203394 1
506258 0
512435 1
1622713 1
400253 1
47583 1
170843 0
120928 1
867823 1
342943 1
97871 1
102152 1
411358 1
247644 1
233644 1
304581 0
996563 0
243330 1
625498 0
619478 0
134346 0
755782 0
203272 0
342275 1
234170 0
287715 1
337290 1
1590412 1
115255 1
1303375 1
596057 0
584120 0
243439 1
481956 1
328432 1
397857 0
178962 0
175451 1
1139243 0
376870 1
580442 0
219529 1
524268 0
380474 1
464939 1
982385 1
1068454 0
197877 0
159067 1
858870 0
170259 0
450485 0
507293 1
255457 1
267305 1
560040 1
374769 1
509480 0
307031 1
439529 1
241812 0
231176 0
515535 0
174178 1
176784 1
403231 1
649564 0
270360 1
308895 1
288813 1
438928 0
214411 1
812600 0
884191 1
749642 1
112275 0
118791 1
692608 1
678656 0
100496 1
221470 0
313194 0
373380 0
151173 1
491860 0
144669 1
153124 1
215236 1
259575 1
343462 0
218742 1
416858 1
253371 0
286446 0
513569 0
191225 1
371560 0
269668 1
258940 1
862477 0
674678 1
150318 1
850455 0
688293 0
329046 0
297280 0
91188 1
115947 1
515535 0
436926 1
766154 0
247587 1
129987 1
252576 1
116940 1
384684 0
602934 0
833110 1
248336 1
421271 0
708902 1
101174 0
503398 1
239934 1
497790 0
469583 0
451345 1
301567 0
208229 1
670649 1
214009 1
101121 1
342725 1
66268 1
684375 0
994439 0
938486 0
294498 1
792213 0
373131 0
303760 1
327455 1
1067442 0
306402 0
2465114 0
484256 1
659588 1
246294 0
154769 1
226617 1
703339 0
231158 1
153983 1
542387 0
504975 0
993352 1
538681 1
1859853 0
1222606 1
1041213 0
1120781 1
358215 1
262359 1
470146 0
346038 1
333132 1
776222 0
241351 1
461672 1
165205 0
840079 0
1723656 1
379092 1
175390 0
727773 1
769672 0
96086 1
219739 1
1222579 0
532926 1
239749 0
704537 0
533159 1
400651 0
466260 1
934161 0
401610 1
511772 1
117887 1
873449 0
165836 0
562695 0
545347 0
84528 0
317778 1
855069 0
176995 1
236227 1
1142040 0
754506 1
385833 0
532154 1
155646 0
555630 0
941243 0
778847 0
95990 1
438017 0
446419 0
403129 0
229249 1
497119 1
318149 1
139231 1
454691 1
281726 1
196198 0
297089 1
346687 1
880784 1
396840 1
578209 1
270724 1
1204671 0
325391 0
622993 0
252235 0
110214 1
164531 0
621435 1
298517 1
524869 1
609946 0
309292 1
544943 0
1753380 0
465507 1
1014834 0
1072213 0
232810 1
53796 1
599965 1
320270 1
79315 0
100599 1
555108 1
886000 1
2128932 0
202333 0
617089 1
722226 0
800204 1
143818 1
139231 0
293730 0
308808 0
385657 1
478627 1
1076476 0
246298 0
383230 0
308533 0
278894 1
252798 1
318877 1
264936 0
1130894 1
1164521 0
853524 1
81433 1
81659 0
252809 1
628570 1
299979 1
1217968 1
555027 0
75883 0
368957 0
640115 1
508470 0
672703 0
402598 0
646330 1
351477 1
848644 0
426738 1
685108 0
643168 1
58183 0
398257 0
669510 0
106516 1
977437 0
106938 1
340355 0
136525 1
1219931 1
269896 1
154314 1
184159 0
759229 0
476995 1
419313 0
687441 0
728372 0
218732 0
149278 1
600041 0
718463 0
481327 0
226975 0
689065 0
522631 1
