135019 1
53526 0
106796 1
107445 1
139137 1
58425 1
190505 1
160384 1
243611 1
176621 1
122861 1
103181 1
167868 0
58067 0
166507 1
193446 1
109044 1
160307 1
281723 1
195938 1
148955 0
307204 0
177881 1
88804 1
280197 0
154978 0
238445 1
226099 0
131058 0
155198 0
93233 1
225106 0
177218 1
210139 0
217152 1
219990 1
233853 1
195396 1
120427 1
61482 1
122594 1
113114 1
86915 1
161506 0
119908 1
105236 1
325083 1
81825 1
170769 1
179519 0
414650 1
53923 0
106796 1
111194 1
83317 0
337519 0
144275 1
234289 1
70210 0
126719 1
181550 1
119278 1
94602 1
94149 1
271440 1
135919 1
152785 1
268854 1
204853 1
39004 1
270163 0
106311 1
310092 1
194033 0
60735 1
53160 1
84772 1
79536 0
199333 1
176740 1
219900 1
52418 1
179703 1
284771 1
72092 1
88180 1
110041 1
370364 1
115819 1
55433 1
172394 1
117478 1
195321 0
98511 0
133798 1
48723 1
80951 1
206918 1
151909 1
145147 1
215541 0
157237 1
233474 1
131215 1
410518 1
122634 1
95529 1
363476 0
206057 1
55480 1
209626 1
158304 0
171937 1
109448 1
185598 1
186806 1
138294 1
117643 1
278299 0
231504 1
146898 1
59246 1
137780 0
86597 1
192560 1
26250 1
337495 1
173869 1
139110 0
70573 1
161587 0
59463 1
68079 0
163936 1
273133 1
259742 1
157237 0
171937 1
155140 0
221734 1
355860 1
175463 0
165394 1
79488 1
115692 0
137227 0
102730 1
168595 0
325612 0
176578 1
61270 1
312356 1
197948 1
275615 1
195812 1
129713 1
54282 1
165840 1
40695 1
98635 1
99519 1
39582 1
199751 0
71456 1
174921 1
83286 1
271278 0
67102 1
105434 1
183663 1
232513 1
146629 1
190729 1
117272 1
248882 1
54055 1
102748 0
175074 0
63650 1
135659 0
76842 1
133773 1
136816 1
74610 1
413109 1
180743 1
78520 1
257588 0
292844 1
85844 1
252213 0
156484 1
238178 0
247421 0
239025 0
316657 0
142197 1
42720 1
68736 1
148116 1
141202 1
283522 1
91380 0
344969 1
351665 0
74858 1
141953 0
115843 1
343182 1
241287 1
116215 0
54980 1
116485 0
213384 0
264662 0
86420 1
228704 0
237460 1
186502 1
152561 1
280766 1
137110 1
251272 0
72645 1
42942 1
224068 1
176611 0
186399 1
177381 1
108417 1
379108 0
74296 1
187645 1
186826 0
95030 1
227104 0
245888 1
128550 1
141952 1
353856 1
184546 0
149296 0
110443 0
235299 0
129776 0
63121 1
229405 1
222327 0
199327 0
179875 1
224068 1
156451 1
326234 0
228685 0
110011 1
153845 0
59611 1
55579 1
44364 1
232215 0
87183 0
143205 0
95040 1
179875 1
155326 0
154197 1
105844 0
93837 1
531848 1
122157 1
152095 1
69148 1
255935 1
91893 1
308007 0
383054 0
77585 1
113842 1
27785 1
475638 1
242217 1
489673 0
363298 0
198996 0
121868 1
214011 1
204191 1
132136 1
273080 1
59459 1
106883 0
67621 1
339715 0
164170 0
125068 1
74589 0
318360 1
193948 1
194732 0
227962 0
156451 1
205451 1
56472 1
212924 1
241287 1
143110 0
208848 1
91196 1
137110 1
140165 1
267101 0
190428 1
102339 1
69160 0
505803 0
106976 0
142065 1
103816 1
205185 0
126101 0
289189 1
257069 1
47388 1
36135 1
127360 1
148906 1
359784 0
99043 1
158522 0
85504 1
69138 1
83302 1
151648 0
468808 0
184897 1
101284 1
105545 1
186538 1
135947 1
83339 1
217349 1
220380 0
110444 1
421509 0
152481 1
170081 1
180825 1
123603 1
118887 1
151909 1
287955 1
102015 1
121501 1
267635 1
117524 1
73272 1
162032 0
68931 1
88807 0
140487 0
104876 1
66451 0
102469 0
283735 0
177111 0
270852 0
68276 1
439217 0
168686 0
42713 1
119582 1
146314 1
118522 1
134702 1
361163 0
275062 1
175555 1
245163 1
210883 1
403578 1
139197 1
102880 0
131826 0
148362 0
212910 0
62410 1
256268 1
187725 1
111136 0
297887 0
101160 1
177552 0
258634 0
260748 0
219985 1
402551 1
317874 0
170035 1
167859 1
279119 0
240146 1
75873 1
86932 1
113439 1
112891 1
62218 1
125097 1
182579 1
78343 1
336346 0
111351 1
267663 0
219654 0
171994 0
88709 1
97945 1
54296 1
216852 1
446946 1
90852 0
228780 0
163086 1
57278 1
127787 0
203904 1
104731 0
295241 1
163235 1
41781 1
151188 1
170973 1
316914 0
200738 1
333395 0
178220 1
123755 1
72551 1
57785 1
143528 1
90740 0
174808 0
385887 0
187988 1
96188 0
97572 1
126769 1
142739 1
127301 1
99262 1
365790 0
198501 1
165882 1
87400 1
354952 0
128921 1
190633 0
85966 1
137505 0
375030 0
254705 0
172261 0
198021 0
328430 0
91038 1
182643 1
436186 0
111798 1
292509 1
166135 1
102484 1
60781 1
104403 0
200308 1
226219 0
123755 1
65118 1
136112 1
288169 0
351132 1
150429 0
183913 0
63037 0
208020 0
101829 1
245651 0
77578 1
154521 0
135764 1
60396 0
292475 1
407346 0
324961 0
229729 1
274368 1
422207 0
199552 1
82723 1
238743 1
345624 0
172428 0
120457 1
100923 0
131855 0
81810 0
96465 1
82356 1
417001 0
211204 0
352546 0
75758 0
143654 1
215189 1
258672 0
72359 0
68694 1
108630 1
143437 0
237170 1
184243 1
155338 1
235195 1
237102 0
238536 0
77662 1
182583 0
62082 1
234570 1
313353 0
48032 1
106742 1
80620 1
190354 1
223834 1
156210 1
94476 0
401178 1
149671 1
175925 1
276245 1
275552 0
163796 1
80286 0
82244 1
64574 1
439211 1
129750 1
278285 1
265108 0
171231 0
232511 1
130212 0
279393 0
171855 0
218357 1
200736 1
102072 1
286809 1
172916 0
340732 0
125197 0
70111 1
93189 1
218267 1
214795 0
100624 1
384234 0
184746 0
70046 0
95425 1
296959 1
117981 1
118421 0
128054 1
114197 0
216239 1
468194 0
173854 0
123891 1
117077 1
530109 0
152650 0
44042 0
225814 1
142898 1
165707 1
137385 1
154284 1
146378 1
174332 0
141963 1
186973 1
243705 1
85060 1
85711 0
55416 0
496358 0
134754 1
128503 1
66489 1
140903 1
123015 1
119388 1
123306 1
438633 0
138215 1
267291 0
222101 0
107115 1
235085 0
75719 0
181058 1
126833 1
192002 0
153060 1
410681 1
73939 1
307034 0
308905 0
226081 0
158038 1
296871 0
153489 0
203898 0
91365 0
134180 1
318830 0
143313 1
191856 0
161335 1
272757 0
163796 1
238974 0
156995 0
463127 0
142707 0
49346 1
300898 0
77333 0
121978 0
224177 0
130200 1
168606 1
381247 1
190135 1
255515 0
145829 1
234417 1
173122 0
122378 0
176628 0
137278 0
95398 1
230984 1
275232 0
99016 1
157205 1
108858 1
123614 0
68015 0
242264 0
209222 1
240038 1
84414 0
64259 1
294965 1
193521 0
85590 1
177703 0
221900 1
170396 1
74256 1
256039 0
103462 1
198756 1
144279 0
118353 1
125200 1
88830 1
173659 1
132629 0
154689 0
198722 1
215455 1
130842 1
116801 1
112024 1
303532 0
384616 1
88481 0
352882 0
434913 0
235297 1
143261 0
44042 0
62218 1
176628 0
209852 1
607947 0
136761 1
126340 1
124561 1
104314 1
226110 0
226694 0
339028 1
182141 1
123931 0
193031 1
115684 0
208340 1
142413 1
245481 0
233840 0
197629 1
189583 0
143067 1
336541 1
86568 1
47222 1
112829 0
46561 1
184308 0
422453 0
345658 0
118238 1
274429 0
175307 0
168828 1
118853 1
346454 0
176194 0
518216 0
325008 0
310273 0
82302 0
90876 1
123072 1
433414 1
111861 1
162573 0
150004 1
202442 0
399945 0
179974 0
380252 0
294729 0
191489 0
310935 1
145552 1
116939 1
210017 0
248843 1
103881 0
261181 0
110978 1
158314 1
103399 0
337223 1
532772 1
158969 0
110539 0
407468 1
354927 1
80966 1
58917 1
261159 0
229078 1
94740 0
292090 0
243106 0
252368 0
267887 1
318128 1
198391 0
141397 1
88856 0
299325 0
91701 0
366184 1
231893 0
74472 0
138813 0
242650 0
101858 1
116387 1
398442 0
291355 0
218123 1
166461 1
71938 0
186293 0
388470 0
171518 1
59145 1
303057 0
391745 0
169124 0
118896 1
195598 1
167130 1
120175 0
174358 0
136348 1
112290 0
133587 1
137446 1
291649 1
208178 1
87489 1
154948 1
494009 0
147360 0
232855 0
131978 1
74538 1
128254 0
355297 1
135569 1
188225 1
261560 0
250013 0
284876 0
677542 1
228922 0
302965 0
342023 1
133828 1
33928 1
175559 0
183553 1
55007 0
57059 1
216563 1
160725 1
574317 1
120251 0
197086 0
311172 0
272518 1
69496 1
120175 0
299449 0
149533 0
204174 1
200429 0
496140 0
120779 0
187898 0
133992 0
146914 1
155114 1
152045 1
154239 0
271545 0
357440 0
233966 1
48423 1
64161 0
108305 1
310919 1
137155 0
439797 1
223895 0
66547 0
163692 1
288461 1
156960 0
285052 1
197944 0
186534 1
145498 1
271611 0
224337 1
386828 0
268259 1
38427 0
293062 0
214446 0
145026 1
382571 0
126470 0
259793 1
87436 1
617557 0
99397 1
122292 1
78840 0
395168 0
237330 1
239351 0
288016 0
287146 0
134125 0
86025 1
273341 0
236487 1
164878 0
132091 1
209427 0
188081 0
