144456 1
50466 0
104031 1
176887 1
220215 1
89802 1
225717 1
210108 1
349393 1
212162 1
142896 1
127533 1
345028 0
127588 0
308582 1
199715 1
204942 1
213546 1
316287 1
261901 0
201293 0
365712 0
280545 1
142745 1
354903 0
214547 1
197537 1
96602 1
154798 1
219998 0
138560 1
241178 0
291282 1
278232 0
311007 1
417678 1
280419 1
211135 0
164456 1
105120 1
198428 1
189774 1
173396 1
223084 0
140637 1
158805 1
397789 1
129763 1
214032 1
249520 0
291121 1
73786 0
104031 1
169514 1
157558 0
473274 1
154431 1
265465 1
115091 0
120457 1
145558 1
170268 1
103756 1
126613 1
296654 1
238653 1
365385 1
289894 1
247057 0
31771 1
346053 0
156697 1
239856 1
250821 1
61715 1
97374 1
84999 1
61550 0
278089 1
232731 1
233187 1
66441 1
194775 1
472854 1
61812 1
92909 1
197175 1
402251 1
209615 1
71814 1
247446 1
170759 1
154017 1
97764 1
144013 1
32977 1
113535 1
276420 1
261711 0
278990 1
181677 1
122958 1
326993 1
174833 1
577508 1
181795 1
92553 1
407182 0
282969 1
72740 1
176520 1
380268 0
196462 1
148952 1
211916 1
311486 1
164697 1
175699 1
322260 0
282577 1
113308 0
96610 1
142324 1
151665 1
433468 1
72244 1
446660 1
322326 1
205285 1
113954 1
164832 0
80470 1
126479 0
246395 1
326315 1
328493 1
122958 0
196462 1
222627 0
203371 1
343012 1
254575 0
206389 1
88571 1
136093 0
141899 1
158174 1
150615 1
422817 0
268742 1
67009 1
434841 1
273599 1
264884 1
247870 1
124510 1
89954 1
274030 1
45034 1
118544 1
102163 1
57626 1
359952 0
101978 1
234405 1
128707 1
483591 1
138388 1
94519 1
125404 0
319801 1
184263 1
286691 1
105680 1
359335 1
80428 1
137698 0
122291 0
80036 1
123271 0
65825 1
237107 1
163200 1
64976 1
534525 1
344896 1
111514 1
339100 1
358123 1
164328 0
237838 0
286393 0
233333 0
355497 0
294950 0
283656 1
122036 1
47758 1
73512 1
147607 1
143549 1
223667 1
146415 1
502527 0
406796 0
94782 1
231103 1
148943 1
310834 0
394917 1
139755 0
81568 1
219492 0
395990 0
312087 0
99452 1
379778 0
328390 1
224163 1
176429 1
250707 1
235885 1
264055 0
92091 1
60347 1
233794 1
295179 0
234152 1
184444 1
160287 1
437227 0
90761 1
224077 1
301721 0
55799 1
348142 0
397982 1
151233 1
199504 1
340924 1
261079 0
183447 0
121233 0
195658 0
160850 0
76632 1
272401 1
312227 0
284787 0
226664 1
233794 1
248747 1
416402 1
414072 0
217743 1
252160 0
79409 1
91496 1
38866 1
295422 0
105556 1
147585 0
140456 1
226664 1
192622 0
218932 1
145501 0
132533 1
553457 1
148847 1
231295 1
128307 1
183957 0
74910 1
512491 1
336897 0
78688 1
103183 1
38581 1
428445 1
262108 1
448729 0
556521 0
161324 0
152443 1
305822 1
348235 1
170310 1
302291 1
109510 1
122509 1
98640 1
551773 0
162214 1
165947 1
70187 0
320370 1
268515 1
269972 0
164984 1
248747 1
191226 1
72100 1
215243 1
394917 1
127651 0
264297 1
121594 1
235885 1
181037 1
154353 0
227210 1
109365 0
93383 0
418009 0
101291 0
204986 1
163419 1
217482 1
148484 0
421788 1
266553 0
100514 1
42459 1
221867 1
198193 1
272216 0
105242 1
145655 1
90505 1
146763 1
70474 1
198425 0
756551 0
140998 1
101186 1
195377 1
250997 1
150305 1
96174 1
259071 1
190175 0
154536 1
596760 0
253821 1
280252 1
229773 1
206623 1
235840 1
255653 0
443961 1
117821 1
193426 1
387209 1
191886 0
86711 1
171028 0
93032 1
119338 0
207380 0
90761 1
91861 0
110876 1
256101 1
476990 1
389892 1
148251 1
492756 0
182586 0
115153 0
140809 0
151444 1
133517 1
110523 1
307540 0
267330 0
226393 1
312594 1
197683 1
352337 1
237054 1
150772 0
251488 0
153779 0
273366 0
71613 1
418150 1
193618 1
156624 0
423738 1
173445 1
218595 0
285249 0
315555 0
439779 1
352521 1
463297 0
187071 1
235203 1
384658 0
321931 1
61978 1
229883 1
129735 1
162978 1
66948 1
134307 1
318030 1
111523 1
270442 1
217196 1
400694 0
251277 0
322696 0
136509 1
82139 1
61537 1
408128 0
289610 1
129923 0
348453 0
200581 1
85301 1
141267 0
258397 1
273248 0
330672 1
213775 1
38611 1
127606 0
269268 1
267699 0
264476 1
635266 0
279438 1
230118 1
98387 1
56667 1
330023 1
126090 0
417883 1
688208 0
287980 1
112264 0
142503 1
138910 1
207989 1
235254 1
106997 1
533173 1
244491 1
260381 1
67013 1
569254 0
131263 1
182341 0
91909 0
218891 0
422066 1
294523 0
233024 0
293176 1
421874 1
111550 1
262302 1
582573 0
161794 1
491798 1
246906 1
110209 0
58220 1
140027 0
279468 1
286555 0
230118 1
91136 1
199191 1
312228 0
364053 0
211768 0
201960 0
79051 0
267561 0
188308 1
275389 0
122892 1
177688 1
322003 1
68761 0
384205 1
285028 1
322885 0
238890 1
308332 1
629614 0
300174 1
91500 1
348705 1
348026 1
244761 0
124977 0
130244 0
257636 0
122647 0
96380 1
96101 1
303642 0
203752 0
530417 0
80953 0
287876 1
233448 1
426033 0
179630 0
82593 1
152588 0
245334 1
327235 1
238918 1
183694 1
388808 1
350697 0
327724 0
92412 1
298077 0
78318 0
295455 1
324585 0
51780 1
152768 0
100022 1
284506 1
236694 0
187557 0
113220 0
276688 0
201444 1
386939 0
305556 1
188540 1
161103 1
176054 0
153851 1
84741 0
449273 0
151308 1
328279 1
306665 0
213664 0
361848 1
172544 0
310048 1
135049 1
252433 1
177067 1
147228 1
322143 1
199885 0
431062 0
203283 0
70446 1
98046 1
219405 1
265053 0
140046 1
511541 0
331914 0
166850 0
114216 1
329503 1
143255 1
204744 1
192714 1
188881 0
310794 1
445820 0
416793 0
193366 1
84210 1
667828 0
176544 0
64643 0
244350 1
187764 0
180576 1
130747 1
207283 1
239952 1
292301 0
179310 1
251697 1
270936 1
71376 1
132230 0
56541 0
529105 0
200519 0
156182 1
128820 1
196013 0
194903 1
146986 1
192664 0
565080 1
106139 1
358252 0
274738 0
133006 0
268871 0
160249 0
245726 1
126753 0
181530 0
147091 0
677479 1
83405 1
393760 0
320755 0
539026 0
191758 1
384857 0
290372 0
246315 0
144948 0
117520 1
508160 1
254828 1
214469 0
134094 1
208949 0
161103 1
123665 0
255269 0
365633 0
169595 1
73540 1
508391 0
150577 0
255223 0
476024 1
246760 0
255371 1
569375 1
240527 1
229232 1
135129 0
222866 1
337754 0
138755 0
229749 0
162828 1
92866 1
176726 1
333820 1
137450 1
147115 1
147452 1
152822 0
161725 0
332738 0
365080 1
329255 1
93785 0
147361 1
426298 1
282728 0
85371 1
200304 0
185105 1
250350 1
91319 1
453668 0
94958 0
192322 1
164558 1
179332 1
206161 0
86089 1
176386 1
210431 0
166319 1
314523 1
147525 1
165685 0
185136 1
133342 1
459608 1
421340 1
141537 0
470590 0
525256 0
342911 0
217296 0
64643 0
66948 1
229749 0
278914 1
859917 0
150573 1
165357 1
169378 1
118231 1
273760 0
385646 0
443058 1
210556 1
196865 0
282419 1
122670 0
275512 0
191912 1
311030 0
330340 0
254231 1
315256 0
170535 1
338107 1
121074 1
70897 1
155530 0
72577 1
313060 1
446428 0
566510 0
173018 1
495201 1
288563 0
125049 1
149674 1
855101 0
189071 0
750677 0
190570 0
542345 1
177283 0
172906 1
179807 1
383218 0
154583 1
172670 0
210117 1
206139 0
520026 0
290229 1
475190 0
475570 0
297934 0
336055 1
244727 1
158171 1
317236 0
302592 1
149306 0
416506 0
166702 1
234960 1
160740 0
467793 1
865229 1
146204 1
108367 0
578274 1
468636 1
94310 1
97185 1
359649 0
382136 1
104079 0
349359 1
245188 1
276406 0
462442 1
440991 1
258432 0
159123 1
81210 0
419189 0
142540 1
435364 0
331075 0
99718 0
291816 0
381317 0
123713 1
130865 1
479933 0
369251 1
322751 1
232504 1
79857 0
184692 0
719899 0
351220 1
79833 1
393281 0
430393 0
250596 0
186807 1
307855 1
197468 1
155022 0
267684 0
170595 1
132435 0
157042 1
193019 1
709890 1
243871 1
172403 1
196218 1
474479 0
213423 0
289961 0
186277 1
62409 1
140011 0
593919 1
203832 0
264340 1
456358 0
195259 1
351384 0
782014 0
359321 0
258724 0
457241 0
297422 1
48229 1
313655 0
226477 1
73814 0
81163 1
283705 1
236603 1
486094 0
135298 0
171218 1
307472 0
318462 1
101308 1
155022 1
203873 0
168027 1
212182 1
274213 0
551462 0
169583 0
145766 1
156868 0
146793 1
220869 1
141233 1
230605 0
450882 0
571998 0
282917 1
53277 1
78812 0
197259 1
437950 1
179360 0
782802 0
308076 0
103793 1
219560 0
488542 1
251463 0
583511 0
268860 0
264422 1
251319 0
449029 0
298768 1
456383 0
291593 1
57800 0
255821 0
272949 0
186968 1
427338 0
105324 1
163080 1
133688 1
933462 0
107624 1
111048 1
96462 0
404647 0
272626 1
270059 0
515063 0
486012 0
195589 0
119585 1
506406 0
403185 0
239862 1
80083 0
368352 0
249922 1
