120790 1
51649 0
99900 1
107405 1
164949 1
55347 1
183625 1
151187 1
238375 1
174053 1
120373 1
93548 1
166429 0
56541 0
149853 1
110321 1
85580 1
153674 1
396677 1
179876 1
141533 0
292251 0
184338 1
79325 1
248797 0
144229 0
127033 1
148295 0
124053 0
154099 0
89275 1
293385 1
168759 1
201729 0
212783 1
212874 1
209672 1
187768 1
119586 1
55037 1
111589 1
107871 1
83522 1
152382 0
105955 1
93043 1
385826 1
73780 1
168531 1
159184 0
303974 1
52767 0
99900 1
108102 1
78667 0
327975 1
138789 1
229981 0
68497 0
130472 1
198940 1
117207 1
82241 1
86970 1
268079 1
127656 1
143360 1
203102 1
196622 1
62892 1
269409 0
103843 1
307958 1
177626 0
58905 1
50169 1
81896 1
70860 0
197904 1
171723 1
204603 1
49273 1
179415 1
277482 1
74718 1
63995 1
109979 1
312241 1
109243 1
53704 1
163307 1
118238 1
100005 0
88809 0
127590 1
47319 1
78914 1
220067 1
150277 1
114948 1
203056 0
153883 1
230265 1
120662 1
455478 1
122500 1
90458 1
352178 0
178007 1
54575 1
205037 1
153264 0
167880 1
105713 1
196307 1
178240 1
126805 1
117536 1
273977 0
231259 1
131887 1
56816 1
153314 0
89183 1
190395 1
25554 1
327747 1
171342 1
134572 0
67384 1
148262 0
54717 1
66892 0
161444 1
277856 0
241292 1
153883 0
167880 1
150809 0
208927 1
387975 1
168426 0
162882 1
76186 1
96306 0
96496 1
116054 1
128017 0
329924 0
150798 1
60558 1
322608 1
161623 1
246681 1
182532 1
124198 1
61131 1
164855 1
31163 1
95360 1
94075 1
37882 1
194490 0
70156 1
172387 1
62594 1
258118 0
49689 1
101978 1
115148 1
146375 0
138977 1
190600 1
111474 1
243429 1
52029 1
99972 0
186476 0
62184 1
131968 0
72375 1
124219 1
108729 1
56944 1
394261 1
141327 1
82853 1
255910 0
291926 1
82691 1
313378 0
139053 0
250791 0
245079 0
230132 0
253232 0
131505 1
40858 1
64129 1
154168 1
129622 1
246516 1
86619 0
278728 1
339331 0
73430 1
124890 0
106136 1
271347 1
328798 1
114088 0
47283 1
109069 0
204009 0
257338 0
72484 1
225076 0
227870 1
148761 1
195868 1
319327 1
132508 1
248982 0
61321 1
40045 1
223777 1
173888 0
184057 1
166348 0
104485 1
370176 0
69076 1
195018 1
176737 0
90550 1
223782 0
215377 1
119059 1
134098 1
475959 1
171196 0
140039 0
103912 0
234775 0
125962 0
60389 1
218005 1
214010 0
190595 0
175974 1
223777 1
149709 1
305682 1
226390 0
107909 1
203766 0
38868 1
54460 1
42584 1
267623 0
104643 0
130188 0
90368 0
175974 1
141771 0
152403 1
102314 0
89693 1
527625 1
117812 1
145790 1
68665 1
252596 1
103900 1
307863 0
380679 0
73186 1
116932 1
25375 1
417928 1
215015 1
485744 0
360897 0
191788 0
117670 1
221100 0
178732 0
125679 1
270798 1
57065 1
100746 0
60391 1
344364 0
154399 0
117496 1
71361 0
306780 1
192974 1
186886 0
132314 1
149709 1
193168 1
53917 1
154064 1
328798 1
136074 0
181252 1
78071 1
132508 1
71288 1
185858 1
183451 1
97475 1
65765 0
374314 0
99085 0
142289 1
119968 1
205134 0
122901 0
286977 1
249965 1
43781 1
24105 1
148376 1
142414 1
353922 0
91117 1
127836 0
78859 1
67180 1
76661 1
139000 0
487241 0
182565 1
99704 1
102417 1
200387 1
131123 1
81190 1
208364 1
207892 0
133637 1
419463 0
136126 1
159918 1
175415 1
119657 1
115271 1
146043 1
202807 1
98172 1
132855 1
246038 1
143050 0
68792 1
154526 0
66165 1
76125 0
133990 0
89756 1
62823 0
95520 0
257708 0
154291 0
285585 0
61253 1
430387 1
148018 0
41122 1
115776 1
135372 1
100428 1
125667 1
353410 0
206461 1
183286 1
295768 1
180948 1
371142 1
135969 1
88101 1
126231 0
139428 0
205795 0
74655 1
254839 1
151613 1
96916 0
292474 0
91569 1
174421 0
206412 0
258223 0
219273 1
375331 0
312870 0
176372 1
141573 1
270368 0
232092 1
73620 1
83277 1
81349 1
106921 1
59503 1
124409 1
179654 1
77644 1
221035 1
109664 1
224645 0
210504 0
167314 0
81906 1
103716 1
53783 1
235797 0
446266 1
86909 0
219188 1
141850 1
54752 1
127088 0
201903 1
96444 0
304164 1
171848 1
38613 1
145433 1
165170 1
315255 0
195919 1
325503 0
171812 1
119413 1
70837 1
55432 1
138027 1
86096 0
172841 0
382313 0
181646 1
83952 0
113328 1
132215 1
122214 1
122865 1
96632 1
336144 0
185595 1
156826 1
80745 1
349967 0
127556 1
187790 0
82726 1
133975 0
373841 0
248120 0
266615 0
220178 1
326262 0
84462 1
166525 1
428228 0
108028 1
469070 1
167625 1
97589 1
58616 1
109124 0
318389 1
204860 0
119413 1
60981 1
131506 1
286058 0
244402 0
143805 0
210463 0
61859 0
201066 0
119271 1
243146 0
73107 1
170334 0
126381 1
60635 0
275137 1
394180 0
320985 0
198245 1
226391 1
421352 0
221572 1
64954 1
233975 1
336193 0
162141 0
86916 0
97741 0
128019 0
79396 0
90474 1
80152 1
395536 0
152605 0
491877 0
73999 0
143540 1
207826 1
335635 0
69528 0
66176 1
99303 1
154084 1
276381 1
184020 1
145237 1
234134 1
214322 0
227909 0
74448 1
179058 0
59939 1
210015 1
276399 0
45313 1
103326 1
68688 1
142505 1
214800 1
126889 1
90134 0
397697 1
145882 1
173792 1
217661 1
267213 0
137049 1
77741 0
80530 1
60668 1
430596 1
122426 1
151906 1
221437 0
189310 0
227148 1
126239 0
263742 0
155550 0
218247 1
195931 1
98171 1
281284 1
165576 0
339846 0
114290 0
66616 1
88700 1
209000 1
210154 0
92677 1
379877 0
164689 0
64956 0
88319 1
275500 1
91883 1
153870 0
112937 1
107201 0
210833 1
476779 0
162398 0
120221 1
113017 1
382454 0
149524 0
58584 0
196638 1
134783 1
142726 1
192953 1
147791 1
143903 1
171776 0
128504 1
183654 1
210228 0
78216 1
82676 0
53121 0
452604 0
161593 1
122819 1
61699 1
112738 0
112122 1
113262 1
122096 1
474088 1
99739 1
257321 0
217311 0
104367 1
229979 0
71752 0
177127 1
145252 0
164403 0
147255 1
362384 1
68956 1
226814 0
305488 0
410861 0
138019 1
291705 0
148738 0
166477 0
80484 0
128547 1
316131 0
135730 1
187999 0
145192 1
266627 0
137049 1
203613 0
141089 0
457758 0
126270 0
48818 1
411122 0
73512 0
116651 0
227284 0
127289 1
166780 1
377493 1
184975 1
239447 0
80163 1
167712 0
169057 0
116674 0
172373 0
85400 1
101808 1
164319 1
269989 0
91277 1
132981 1
105796 1
118118 0
65342 0
221420 0
208971 1
211160 1
100360 0
62399 1
199962 1
271530 0
83252 1
168978 0
186692 1
174500 1
67345 1
253024 0
100479 1
199334 1
140462 0
109594 1
122345 1
85380 1
165563 1
131241 0
146419 0
233965 1
146813 0
124466 1
113845 1
111269 1
272396 0
298719 1
106655 0
384221 0
296089 0
190496 1
141899 0
58584 0
59503 1
172373 0
226536 1
501604 0
135807 1
123141 1
118728 1
85138 1
163216 0
218557 0
338066 1
165861 1
101919 0
181794 1
111287 0
204599 1
145742 1
205586 0
242908 0
190308 1
179904 0
135844 1
257882 1
94357 1
46084 1
204219 1
54843 1
174095 0
380767 0
339012 0
109849 1
273262 0
168511 0
152555 1
108236 1
346256 0
160828 0
441836 0
441680 0
309649 0
77637 0
91885 1
112442 1
297447 0
76775 1
129074 1
142052 1
193256 1
244103 0
176260 0
420105 0
284328 0
188161 0
305984 1
147545 1
112550 1
223443 0
244362 1
99288 0
252672 0
101069 1
148088 1
97747 0
463071 1
521371 1
141959 0
106309 0
338895 1
323934 1
53507 1
54905 1
252178 0
216010 1
91003 0
287378 0
252247 0
200071 0
280906 1
311250 1
250314 0
133424 1
78379 0
290816 0
86038 0
402676 1
243151 0
70572 0
129833 0
230496 0
82830 1
103385 1
380217 0
266848 0
214214 1
160753 1
63404 0
217157 0
378387 0
191980 1
55194 1
297428 0
401863 0
163721 0
112584 1
193605 1
162976 1
114874 0
164528 0
133663 1
112788 0
131422 1
135710 1
280397 1
185626 1
82216 1
124202 1
491630 0
141822 0
215189 0
129851 1
61873 0
127323 0
346767 1
174665 1
203335 1
260254 0
242538 1
284777 0
672482 1
225259 0
281039 0
398867 0
90218 1
32301 1
208912 0
170227 1
53477 0
53479 1
224435 1
158368 1
352093 0
111368 0
197628 0
265513 0
251575 1
66629 1
114874 0
221419 0
154664 0
148997 1
193276 0
495288 0
116933 0
91440 1
119657 0
189994 1
136938 1
148049 1
144922 0
265899 0
356576 0
278420 0
43596 1
62376 0
106148 1
309418 1
124609 0
417447 1
203667 0
62199 0
160244 1
341693 1
149550 0
287006 1
169649 0
183156 1
145540 1
308311 0
174259 1
421312 1
240186 1
36465 0
118692 0
212232 0
153435 1
374613 0
140996 1
247031 1
150023 0
585553 0
89491 1
129305 1
76586 0
318823 0
237297 1
232249 0
281844 0
285284 0
139430 1
72944 1
392650 0
236337 1
163799 0
116425 1
203269 0
216459 1
