129031 1
48794 0
96376 1
176893 1
190426 1
86409 1
238506 1
196688 1
347740 1
208322 1
138829 1
118877 1
341709 0
124085 0
287402 1
140485 1
197550 1
227932 1
331830 1
241403 0
297336 1
352981 0
286184 1
134751 1
382816 0
222798 1
179935 1
210470 0
145423 1
263424 0
140216 1
442895 1
273073 1
254872 0
311378 1
382268 1
241943 1
207956 0
162967 1
84190 1
184010 1
169883 1
167686 1
278629 0
137127 1
144398 1
412973 1
120443 1
211960 1
235610 0
325258 1
72192 0
96376 1
158492 1
148301 0
401446 0
149281 1
401741 0
69993 0
163607 1
108500 1
167230 1
81763 1
118667 1
292082 1
228066 1
341327 1
363199 1
231494 0
80142 1
344727 0
153855 1
237641 1
230248 1
59635 1
75860 1
81981 1
57436 0
275688 1
223905 1
217978 1
63170 1
178365 1
461478 1
59044 1
87225 1
197000 1
412530 1
199120 1
55029 1
237739 1
167165 1
167311 0
93050 1
237631 1
31885 1
110139 1
221684 1
257227 0
220036 1
215812 0
115626 1
323128 1
163648 1
641526 1
181680 1
90815 1
394774 0
261616 1
71227 1
191411 1
370322 0
180076 1
164335 1
198064 1
296786 1
160740 1
175431 1
304720 0
282292 1
148564 1
93449 1
134721 1
141965 1
418045 1
46775 1
683246 1
317589 1
143121 0
109885 1
306504 0
77595 1
125536 0
241913 1
321092 1
305036 1
115626 0
180076 1
216299 0
184819 1
330076 1
206190 0
203165 1
83550 1
132814 0
128783 0
142401 1
167878 1
609477 0
258168 1
65392 1
432547 1
282481 1
262267 1
226343 1
172415 1
60261 1
271578 1
39217 1
119343 1
95562 1
56416 1
348757 0
99742 1
229995 1
97310 1
384570 0
119097 1
90702 1
108894 1
218516 0
171870 1
286567 1
99598 1
351514 1
78662 1
132924 0
132200 0
77769 1
121209 0
84034 1
222498 1
148288 1
55958 1
538626 1
339832 0
119321 1
337695 1
356756 1
147748 0
280564 0
114003 0
268681 0
281690 0
285538 0
387172 0
111047 1
45435 1
69371 1
194686 1
127848 1
233376 1
139158 1
446534 1
392102 0
92537 1
305668 0
137647 1
296473 0
326351 0
131830 0
84145 1
205146 0
397332 1
304650 0
84251 1
372754 0
313060 1
125172 1
106685 1
180760 1
220345 1
261339 0
81568 1
56428 1
233442 1
336435 0
229523 1
179151 1
153323 1
426243 0
85395 1
203257 1
250562 0
53205 1
342223 0
376264 1
139771 1
190693 1
331981 1
241400 0
167440 0
116632 0
194854 0
153718 0
73690 1
291449 1
363684 0
390009 0
212391 1
233442 1
234230 1
406792 1
409378 0
204433 1
215344 0
51453 1
87848 1
36575 1
265187 0
97425 1
125747 0
131419 1
212391 1
154219 0
215580 1
139812 0
127013 1
547687 1
142149 1
127137 1
126751 1
181878 0
87244 1
512261 1
334117 0
74097 1
85017 1
36216 1
416679 1
253090 1
390932 0
547767 0
154003 0
145878 1
328575 0
370376 1
163944 1
342011 1
105239 1
146986 1
95510 1
699152 0
145716 1
161617 1
66753 0
328372 1
267130 1
218336 0
118580 1
234230 1
174256 1
68598 1
208212 1
326351 0
122063 0
249212 1
106161 1
220345 1
134091 1
221658 0
218401 1
102073 0
88458 0
433765 1
97653 0
203314 1
174303 1
216942 1
145350 0
417936 1
233428 1
95333 1
36408 1
208940 1
188350 1
266406 0
95898 1
132203 1
83173 1
145076 1
68550 1
185688 0
754207 0
140159 1
99012 1
184465 1
243140 1
152035 1
93193 1
248174 1
184609 0
142078 1
558452 0
154921 1
283678 1
221487 1
175215 1
228472 1
246462 0
395084 1
127105 1
188033 1
400606 1
183333 0
82357 1
163253 0
89376 1
123067 0
198590 0
118296 1
85294 0
102793 1
342380 1
484400 0
325987 1
134902 1
391707 1
173453 0
87078 1
136949 0
142736 1
120350 1
100681 1
362178 0
277212 0
227970 1
306736 1
190244 1
338230 1
236749 1
139914 0
240946 0
141076 0
263715 0
62280 1
414688 1
181411 1
144794 0
356141 0
163701 1
213680 0
269428 0
304502 0
438171 1
345007 1
497906 0
185912 1
217274 1
367122 0
317490 1
59654 1
188291 1
120419 1
159191 1
64175 1
133063 1
312977 1
107727 1
261652 1
212171 1
473148 0
241745 0
444986 0
130128 1
75192 1
59280 1
372145 0
288779 1
119293 0
336977 0
244899 1
82876 1
128715 0
256944 1
267563 0
305785 1
208853 1
35764 1
161032 1
226989 1
266252 0
258701 1
663286 0
269880 1
219223 1
96378 1
54249 1
133069 1
195572 1
412989 1
681997 0
278363 1
102607 0
152461 1
132251 1
179352 1
225868 1
107027 1
490138 1
244010 1
200501 0
61602 1
429777 0
112516 1
205700 0
87538 0
213340 0
419702 1
284583 0
225083 0
308587 1
416045 1
104982 1
273636 1
517494 0
156445 1
548207 1
184006 1
105050 0
53390 1
122637 0
336721 1
254031 0
219223 1
83820 1
193598 1
308370 0
357831 0
205767 0
194869 0
76562 0
258435 0
123857 1
271985 0
115490 1
149850 0
269734 1
66528 0
294848 1
321076 1
318031 0
233921 1
372147 1
1137840 1
275100 1
112287 1
351083 1
346300 1
241108 0
119648 0
127581 0
249934 0
128711 0
91413 1
93898 1
306600 0
194561 0
568480 0
77206 0
287570 1
224643 1
290097 0
153867 0
79135 1
140995 0
325236 0
312035 1
238440 1
199049 1
381517 1
313018 0
290601 0
87461 1
292920 0
75404 0
255061 1
269182 0
48568 1
148089 0
88589 1
288268 1
223852 0
186597 1
125722 0
273244 0
185339 1
330841 0
306275 1
178638 1
143674 1
168746 0
151986 1
79429 0
436502 0
139859 1
466917 1
297702 0
259701 1
351020 1
173261 0
298520 1
124294 1
251760 1
173051 1
239530 1
393384 1
187720 0
429763 0
189486 0
66822 1
92705 1
211831 1
258974 0
129946 1
495680 0
316084 0
137098 0
106979 1
316815 1
135826 1
241560 1
222939 1
166494 0
301885 1
380848 0
232618 0
187197 1
83548 1
684620 0
172372 0
59840 0
264457 1
202809 1
171492 1
129244 1
194296 1
233548 1
286159 0
159782 1
245201 1
251797 1
70152 1
127618 0
54212 0
449729 0
156027 0
149501 1
120671 1
163571 0
180600 1
171894 1
190733 0
595167 1
101762 1
345566 0
268758 0
123258 0
263356 0
153908 0
260028 1
121983 0
183424 0
140157 0
856237 1
78430 1
302480 0
316117 0
425654 0
177942 1
562463 0
282488 0
220595 0
130612 0
112074 1
365566 1
307317 1
208443 0
136627 1
203421 0
143674 1
118248 0
251848 0
359279 0
207607 1
72745 1
523155 0
143949 0
212067 0
353235 1
236810 0
222275 1
562275 1
232963 1
205400 1
138807 1
219759 1
331005 0
131271 0
223306 0
140797 1
87445 1
155554 1
326950 1
143536 1
136558 1
131537 1
143567 0
156473 0
305055 0
226354 1
346697 1
88943 0
87167 1
299962 1
274464 0
79191 1
204176 0
164325 1
240901 1
83613 1
505817 0
91324 0
211477 1
159585 1
203744 1
199529 0
81143 1
167095 1
207768 0
157795 1
318449 1
117812 1
157499 0
181255 1
127380 1
450600 1
456179 1
136507 0
457323 0
520619 1
282406 0
214911 0
59840 0
64175 1
223306 0
273273 1
557451 0
147799 1
160562 1
220188 1
101162 1
240588 0
372784 0
440953 1
173897 1
190353 0
262639 1
118667 0
269602 0
184542 1
298952 0
350786 0
246822 1
238446 0
186837 1
365109 1
141118 1
62795 1
246755 1
52327 1
294093 1
494179 0
385475 0
143684 1
556695 1
279013 1
120497 1
136173 1
571904 1
175196 0
606364 0
190294 0
540742 1
168685 0
167424 1
171791 1
504689 0
118472 1
139202 0
197590 1
294097 1
522488 1
303354 0
464660 0
450371 0
291901 0
330941 1
160745 1
138936 0
358357 0
295891 1
141174 0
482741 0
152293 1
199730 1
161373 0
783084 1
904387 1
134133 1
103758 0
481536 1
567156 0
87618 1
90527 1
346666 0
387423 1
99666 0
426514 0
322712 0
263561 0
275893 1
428897 1
258702 0
150214 1
77395 0
536238 0
135924 1
485758 0
289315 0
95102 0
230485 0
360302 0
117569 1
124935 1
352426 0
361423 1
429878 0
226023 1
69485 0
256469 0
687410 0
282193 0
74813 1
386081 0
490959 1
246700 0
179532 1
305489 1
269402 1
148385 0
280647 1
165055 1
127877 0
154423 1
190242 1
640368 1
262420 1
213090 1
226115 0
617111 0
206257 0
236776 0
164808 1
57539 1
129072 0
583290 1
162388 1
258278 1
454278 0
226401 1
350845 0
760664 0
352373 0
253130 0
447270 0
166307 1
45274 1
300369 0
213283 1
72189 0
72560 1
208055 1
252543 1
760272 0
125800 0
185760 1
305413 0
309113 1
97406 1
148385 1
194679 0
154028 1
204146 1
297424 0
549914 0
163121 0
159898 0
147660 0
137566 1
197388 1
136656 1
216316 0
440347 0
523841 0
323563 1
48201 1
76298 0
193199 1
447263 1
168626 0
812416 0
299239 0
99229 1
214233 0
637279 0
242312 0
582608 0
279348 0
259133 1
167037 1
590310 0
334018 1
470342 0
282856 1
54875 0
218091 0
269263 0
207658 1
419849 0
101606 1
137473 0
143076 1
939503 0
88402 1
67503 1
93482 0
318941 0
272549 1
252637 0
564270 0
483304 0
205918 1
103073 1
502210 0
402890 0
238374 1
69419 0
360461 0
230223 1
