622956 1
225879 0
300831 1
607623 1
496370 1
154856 1
810520 1
1098726 1
1349909 1
1269930 1
551952 1
406962 1
1070043 0
188301 0
953669 1
797059 1
284732 1
883965 1
812982 1
727064 0
1459206 1
1277639 0
849538 1
523050 1
1027725 0
519536 0
1236388 1
354480 1
371247 0
929298 0
584551 1
1335213 1
636174 1
1573405 0
987337 1
1320667 1
1068082 1
853684 1
768088 1
91467 1
390525 1
566485 1
651041 1
1051274 0
384748 1
487622 1
855028 1
585426 1
1108708 1
711875 0
2134848 1
134254 0
300831 1
554150 1
398275 0
934490 0
469472 1
816523 0
199680 0
402508 1
271268 1
942066 1
400022 1
425827 1
1084525 1
630546 1
449610 1
1141256 1
582008 1
126000 1
994571 0
613215 1
935734 1
382594 0
63348 1
187270 1
198199 1
297737 0
795224 1
908752 1
862689 1
93956 1
811994 1
3492101 1
108309 1
386838 1
360369 1
1365169 1
549624 1
160054 1
1796903 1
324890 1
435334 1
166529 1
563637 1
99319 1
425389 1
831986 1
932487 1
836261 0
403122 1
399094 1
982072 1
570763 1
905686 1
480340 1
315477 1
2439009 0
636622 1
87834 1
708854 1
671131 0
1315291 0
332246 1
379484 1
1385581 1
428005 1
623423 1
795992 0
736898 1
549440 1
276268 1
215521 0
304625 1
761925 1
176618 1
2533959 1
1790995 1
397442 0
210369 1
607943 0
304345 1
254546 0
1190712 1
1673205 0
813594 1
399094 0
1315291 0
792463 0
490858 1
1208517 1
421989 1
289190 1
154305 1
303903 0
347082 0
779178 0
723825 0
1639517 0
648946 1
128267 1
1891598 1
541485 1
1737569 1
909105 1
177691 1
146570 1
895205 1
68087 1
223527 1
200062 1
124685 1
994803 1
262433 1
560351 1
468906 1
1373260 1
129471 1
185311 1
204489 1
760815 1
1126868 1
1181664 0
258282 1
1812690 1
317531 1
491498 1
374200 0
316547 1
668488 0
182684 1
529083 1
471639 1
101035 1
1587540 1
549267 1
189331 1
1199499 1
1504309 1
224533 0
676674 0
610503 0
629377 0
2220467 0
1230612 0
1596502 1
436719 1
69691 1
401196 1
305446 1
455076 1
887342 1
145204 0
1274737 1
1432573 0
155048 1
749735 0
512057 1
2277261 1
1387018 0
386906 0
161201 1
467965 0
1337056 0
861245 0
394944 1
1245181 0
1190137 1
307810 1
434882 1
735961 1
1739133 1
1219562 0
537704 1
108489 1
788180 1
754951 0
498793 1
423915 0
274565 1
974873 1
255260 1
961297 0
748470 0
192145 1
961321 0
1358355 1
443605 1
916646 1
2488573 1
1156048 0
353422 1
222778 0
497775 0
381494 0
257671 1
1065988 1
1820697 0
851837 0
805843 1
788180 1
363507 1
1839181 1
2430529 0
654775 1
916462 0
161087 1
129465 1
103519 1
1366842 0
120869 0
467849 0
253606 1
805843 1
849442 0
483500 1
217215 0
369332 1
3671036 1
322404 1
489871 1
257716 1
537430 0
239907 1
1167830 0
1693629 1
220311 1
218838 1
63867 1
806810 0
1021069 1
966233 0
3384408 0
534906 0
472697 1
731600 1
782031 1
522082 1
552405 1
260718 1
343877 1
123768 1
1863306 0
556970 1
299414 1
181552 0
1024730 1
713289 1
735287 0
495541 1
363507 1
499895 1
187074 1
919310 1
1387018 0
460973 0
989307 1
403273 1
1739133 1
321110 1
277453 0
883168 1
385469 0
183396 0
1759952 1
226563 0
662563 1
371991 1
1050950 0
728312 0
1464187 1
985611 0
150576 1
50791 1
640153 1
527044 1
848168 0
322850 1
388603 0
298181 1
345081 1
202773 1
551803 0
2214186 0
654827 0
284324 1
441415 1
701652 1
510747 1
274536 1
619805 1
1111566 0
371269 1
1950466 0
584081 1
1227522 1
1488720 1
1094594 1
595694 1
426253 1
1443184 1
189092 1
214881 1
1698114 1
373619 1
196057 1
612262 0
136315 1
176519 0
419780 0
252229 1
164791 1
272876 0
1120670 0
1905827 0
1190800 1
246445 1
1971948 0
874321 0
169263 1
408492 1
998405 1
554448 1
264710 1
616504 0
717638 0
625498 1
1832863 1
727516 1
1542607 1
406638 0
251805 0
567215 1
513441 0
1194025 0
145619 1
1151584 1
465917 1
820687 1
831940 0
302310 1
454328 0
719067 0
1257645 0
1317520 1
1340396 1
1459747 0
626808 1
1671302 0
1071149 0
820190 0
108500 1
216253 1
306184 1
510337 0
90738 1
674511 1
1119276 1
282493 1
605276 1
527003 1
1179076 1
1494575 0
1157471 0
214018 1
144896 1
181383 1
1009887 0
2485069 1
354113 0
869860 0
705602 1
240711 1
530406 0
1257151 1
683981 0
719351 1
387316 0
52683 1
199690 1
331444 0
2116897 0
1389261 1
2009007 0
832665 1
668386 1
226633 1
89171 1
330883 1
340388 0
756459 1
2001303 0
479243 1
383043 0
434845 1
375302 1
577396 1
422981 0
259079 1
703875 0
742114 1
697962 1
181942 1
1683934 0
135110 1
447947 0
185149 0
706318 0
1762681 0
654357 0
691792 0
354581 1
754796 1
303376 0
1361424 1
1787891 0
242772 1
1270582 1
730317 1
272859 1
143649 1
472103 0
923075 1
818713 0
668386 1
245164 1
886675 1
843321 0
1257420 0
752426 0
742547 1
105060 0
648618 0
700663 1
790826 0
330387 1
827447 0
502084 1
134408 0
1505498 1
838904 1
1856423 1
1068758 1
2099633 1
1390568 1
1771391 1
133231 1
1681780 1
1654788 1
669515 1
364916 1
237418 0
629903 0
297968 0
270513 1
505877 1
1300268 0
554165 0
2364590 0
194964 1
789360 1
1630549 1
1249518 0
314907 1
178746 1
294242 0
468725 0
1397057 1
888581 1
793273 1
1422231 1
923643 0
1344762 0
184450 1
786334 0
104315 1
591785 1
1236608 0
221122 1
308631 0
361395 1
689539 1
1608892 1
535770 0
206575 0
1336841 0
833529 1
528840 1
1599891 1
1211665 0
714321 1
283365 0
338500 1
184086 1
2805653 0
364347 1
1643984 1
482254 0
1161990 0
762107 1
424121 0
636466 1
507466 0
1126242 1
547750 1
375260 1
1131069 1
552548 0
1138007 0
529871 0
125030 1
193040 1
711510 0
1555872 0
340968 1
1299964 0
1699241 1
162343 0
220030 1
834576 1
621301 1
390597 0
439556 1
616105 0
1641956 1
1664756 0
919643 1
555513 1
145891 1
681645 1
529520 0
149860 0
1216945 1
431523 1
533115 0
563166 1
642368 1
406174 1
940149 0
793163 1
2036037 1
780548 0
79527 1
348532 0
135225 1
2109882 0
379669 1
138244 1
146491 1
784384 1
558131 1
391917 1
611359 0
2983413 0
400545 1
1058460 1
883887 0
212463 0
1226286 0
253501 0
539184 1
300834 0
439166 0
703518 1
3119246 1
177549 1
1950691 0
1337147 0
580962 0
454328 1
960470 0
672884 1
816922 0
303684 0
330593 1
1278629 1
822741 1
1051402 0
525247 1
481161 0
714321 1
733844 0
904023 0
2854496 1
333009 0
299150 1
711102 0
160795 1
548011 0
1021433 1
390927 1
501369 1
1414882 1
683659 1
1086126 0
397265 1
546814 1
597321 0
206766 0
678173 0
303201 1
240412 1
736600 1
1469594 0
399554 1
499797 1
764589 1
522233 1
396554 1
2559538 0
1445072 1
1855135 0
118999 0
111492 1
1144914 1
959950 0
119512 1
367334 0
552322 0
654193 0
358897 1
1277199 0
267175 0
324156 1
408007 1
399381 1
589198 0
466604 1
758605 1
454595 0
644804 1
864312 1
463369 1
703812 1
389239 1
346293 1
2548573 0
1262221 0
220596 1
2493109 0
987007 0
401016 0
400938 1
149860 1
90738 1
678173 0
972046 1
2019613 0
395525 1
274056 1
508200 1
194263 1
697159 0
1309177 0
1856628 1
537679 1
654311 0
1304548 1
171333 0
960758 0
451500 1
1183029 0
1110087 0
773116 1
611702 1
316601 1
1067090 0
306426 1
145166 1
702702 0
135327 1
1340480 0
1600428 0
1707311 0
316502 1
1822789 1
575974 0
629168 1
551532 1
1525585 1
306643 0
3248807 0
714530 0
991083 1
315583 0
244917 1
396563 1
1135677 0
329412 1
334154 1
991871 0
986843 1
1857388 0
1119831 1
3892691 0
2672060 0
1897390 0
2236693 1
758213 1
346355 0
729664 0
689550 1
546055 1
1933163 0
475232 1
865784 1
345403 0
944684 0
3910682 1
595958 1
246364 0
1592304 1
1560864 1
138628 1
290302 1
2589690 0
990519 1
362360 0
1172077 0
1172138 1
710284 0
661025 1
1775635 0
663421 1
650142 1
172456 0
2607967 0
215096 0
2110330 0
998188 0
141121 1
577073 1
1937013 0
268518 1
524816 1
1912071 0
1556969 0
839726 0
714400 0
234247 0
887806 0
1775438 0
897666 1
139931 1
765744 0
1243240 0
2322110 1
313566 1
891739 1
653444 1
282541 1
842887 0
603731 1
400226 0
346758 1
729349 1
1135716 1
856468 1
591017 1
394886 1
1922060 0
527393 0
1347785 0
245147 1
161092 1
299584 0
1377028 1
385136 1
647129 1
1184948 0
535433 1
1092260 0
2794182 0
873999 0
1856826 0
2032384 0
310223 1
93715 1
1079033 0
485387 1
140554 0
134209 1
1283669 1
1587907 0
2974899 0
335141 0
835361 1
1048615 0
1196531 1
192060 1
282541 0
882752 0
703112 1
1126404 1
1306272 1
2164331 0
425177 0
596760 1
398091 0
652676 1
685661 1
625884 0
436710 0
1981332 0
1865317 0
1304336 1
139052 1
129262 0
702901 1
1077823 1
390032 0
2968489 1
748539 0
98451 0
486143 1
1052399 0
929754 0
1108530 1
754747 0
844135 1
585257 1
1507013 0
1014954 1
924205 0
1053929 1
71793 0
790461 1
1224177 0
340072 1
2692194 0
180526 0
535028 0
274245 1
2064958 0
809009 0
347839 1
267091 0
1111191 0
781113 1
672337 0
1619594 0
1221340 1
307408 0
257231 1
976434 0
1218905 0
801418 0
485127 1
1533955 0
748459 1
