687854 1
90604 0
249129 1
312858 1
323813 1
70934 1
559886 1
727216 1
1037287 0
810147 1
321949 1
240507 1
798757 0
98133 0
463077 1
516437 1
206133 1
468902 1
890451 1
575239 0
1093030 1
1313122 0
573411 1
315378 1
752261 0
510752 0
835449 1
322986 0
273385 0
430728 0
300744 1
779907 1
407795 1
948706 0
572721 1
1007539 1
941480 1
431528 1
540271 1
104560 1
262520 1
292896 1
279827 1
506418 0
411155 1
292920 1
511583 1
472514 1
624727 1
315032 0
1017328 0
94793 0
249129 1
361265 1
183619 0
608453 0
353161 1
597480 0
122470 1
229823 1
298149 1
656375 1
288212 1
258498 1
419152 1
455990 1
368718 1
690214 1
421958 0
133211 1
560457 0
393235 1
564526 1
414172 0
87434 1
98460 1
109648 1
232659 0
423977 1
625797 1
764476 1
73265 1
626464 1
1479738 1
99308 1
205705 1
251798 1
910515 1
345392 1
113944 1
1038433 1
235361 1
428452 0
123268 1
317721 1
63239 1
271563 1
708672 1
524884 1
692600 0
471910 0
444299 1
571614 1
451699 1
702730 1
314943 1
210624 1
1521452 0
347988 1
69912 1
337894 1
468099 0
1029252 0
310199 1
248382 1
608778 0
343484 1
335809 1
524562 0
441209 1
275505 0
150842 1
165466 0
197074 1
363136 1
109631 1
1052739 1
1019260 1
260512 0
151384 1
328823 0
225497 1
181904 0
722015 1
1129949 1
537394 1
444299 0
1029252 0
513356 0
378148 1
1037698 1
210564 1
334098 1
237754 1
261118 0
265975 0
460980 0
551887 0
1205045 0
323369 1
89223 1
716517 1
304916 1
988494 1
523875 1
191008 1
145531 1
414585 1
82525 1
148671 1
115354 1
60374 1
413531 0
167046 1
294939 1
159673 1
1286631 0
111346 1
139822 1
185527 1
530223 1
568521 1
453744 1
164262 1
906291 1
163830 1
339104 1
238121 0
135902 1
548691 0
153870 1
404089 1
270568 1
84597 1
1523416 1
456408 1
134651 1
647504 1
480990 1
229349 0
415392 0
515319 0
826584 0
1385844 0
731041 0
950253 1
290722 1
65068 1
214819 1
309921 1
397420 1
563026 1
111240 1
1432843 1
1099942 0
85699 1
499344 0
382861 1
1331504 1
646281 1
283791 0
124180 1
319138 0
943370 0
602584 0
317317 1
543750 0
696101 1
282268 1
324738 1
512916 1
1101018 1
708530 0
321399 1
87589 1
510926 1
364326 0
515998 1
258959 1
193068 0
639156 1
236754 1
767172 0
509856 0
148164 1
509439 0
914910 1
293503 1
520998 1
1003753 1
676560 0
300837 0
164187 0
462110 1
227691 0
178348 1
988800 1
1342023 0
689567 0
528011 1
510926 1
214063 1
899316 0
1475738 0
411969 1
828020 0
62952 1
104951 1
53669 1
688015 0
155261 1
362578 0
212434 0
528011 1
522870 0
294788 1
242354 0
223558 1
1583548 1
227361 1
329362 1
152431 1
517222 0
186655 1
658922 0
996077 1
154145 1
131186 1
56708 1
753972 1
493390 1
560462 0
2821551 0
488342 0
286295 1
481041 0
482206 1
333807 1
451326 1
105745 1
255043 1
112468 1
1175790 0
480013 1
174478 1
141968 0
581053 1
599326 1
507411 0
363540 1
214063 1
373273 1
81896 1
758223 1
646281 1
369276 0
811524 1
279400 1
1101018 1
152604 1
428116 0
513457 1
210567 1
201420 1
817052 1
154300 0
510530 1
389077 0
475710 1
400907 0
877577 1
550414 0
179153 1
47380 1
492417 1
298617 0
610240 0
159274 1
495244 0
244491 1
252474 1
120870 1
459232 0
1450929 0
358562 1
145116 1
308927 1
455724 1
188811 1
146477 1
423722 1
503847 0
293179 1
1192210 0
462977 1
651917 1
995253 1
651239 1
444197 0
281091 1
1222709 1
270737 1
203615 1
985891 1
192404 0
143700 1
294936 0
104885 1
176864 0
290767 1
154028 1
117417 1
232892 1
693062 0
686292 0
710884 1
166144 1
1390207 1
457469 0
156759 0
300717 1
729905 1
377659 1
192065 1
577833 0
579112 1
445201 0
1270175 1
586640 0
654729 1
268221 0
211008 0
329884 1
348555 0
868207 0
153395 1
1000426 1
362185 1
470587 1
531443 0
203359 1
331499 0
491416 0
951846 1
906617 1
1247621 1
1107444 0
478741 1
710952 1
727829 0
473100 0
97448 1
283261 1
221230 1
227324 1
96742 1
409064 1
625313 1
164969 1
909519 1
500514 1
620465 0
931894 0
733216 0
145521 1
153761 1
93847 1
608661 0
1096031 1
381374 1
527102 0
523345 1
128812 1
358106 0
834914 1
443816 1
441912 1
220936 1
44235 1
230555 1
268962 1
996455 0
701692 1
1682272 0
515697 1
415569 1
70154 1
97553 1
189407 1
237049 0
713873 1
791736 0
301948 1
303746 0
308811 1
222220 1
375998 1
210502 0
250090 1
442547 0
608153 1
594803 0
164568 1
615306 0
112521 1
252407 0
165277 0
516070 0
1133368 0
574719 0
470617 0
299949 1
705342 0
180977 1
800845 1
973564 1
299137 0
865495 1
558099 1
286801 1
118719 1
319541 0
618881 1
444531 0
415569 1
163253 1
541536 1
382825 0
597728 0
443169 0
484958 1
74370 1
554380 0
440631 1
482149 0
338785 1
548543 0
393476 1
89857 0
838372 1
529823 1
1551259 1
592655 1
1065693 1
1311823 1
1243152 1
150260 1
866951 1
1325190 1
504022 0
175242 0
177650 0
385765 0
148157 0
182560 1
275574 1
993026 0
338054 0
982589 0
89788 0
567392 1
1081295 1
1564750 0
156403 0
120851 1
233868 0
319809 0
1167552 1
619870 1
528010 1
688107 1
567618 0
876777 0
117919 1
574829 0
83473 1
347343 1
695664 0
128142 1
207526 0
226489 1
495166 1
918878 0
336768 1
144580 0
1069627 0
640249 0
372073 0
959655 1
796320 0
572696 1
185124 0
238277 1
132472 0
1089827 1
306676 1
1394141 1
403241 0
490194 0
449341 1
239467 0
563327 0
382772 1
681857 1
364419 1
294308 1
683559 1
388159 0
764154 0
352862 0
104610 1
122721 1
499738 0
1136207 0
242511 1
871618 0
899466 0
133193 0
143542 1
474214 1
502167 1
317864 0
663380 0
359450 0
1148824 1
1031119 0
742584 0
333336 1
118467 1
386896 1
443739 1
132416 0
940148 1
604712 1
369373 0
467817 1
389515 1
403804 1
684646 0
519977 1
1271766 1
669217 1
44323 1
215303 0
154011 1
1024425 1
166496 1
178313 1
117891 1
403226 1
325533 1
357707 1
269371 0
1079995 1
184401 1
775443 0
509548 0
175813 1
1009526 0
249000 0
414952 1
279501 1
259616 0
448879 1
2282077 1
159848 1
1293774 0
867243 0
670984 0
373591 1
664202 0
407726 0
516115 0
243010 0
215440 1
1162200 0
561481 1
678627 0
256329 0
354354 0
572696 1
569042 0
862771 1
1638142 0
275736 0
102751 1
763355 1
108651 1
414670 0
844058 1
537589 0
388125 1
687853 1
397613 0
582779 1
428808 1
631543 0
249788 0
292663 0
587594 0
287350 1
164308 1
513877 1
1012152 1
277078 1
414523 1
364832 1
412845 0
331258 0
1509955 0
920829 1
1050944 1
107181 0
110428 1
940251 1
631467 0
141840 1
361872 1
477861 0
444761 0
190262 1
720330 0
119532 0
132371 1
271230 1
389100 1
334622 0
380289 1
478884 1
255676 0
375376 0
706160 1
261869 1
507607 1
240404 1
182119 1
1051041 0
910946 1
140009 0
1169929 0
620663 0
544361 0
309474 0
132416 0
96742 1
587594 0
648937 1
1229925 0
269552 1
225091 1
360012 1
185695 1
581341 0
611814 1
1014993 1
299477 0
562490 1
1022429 1
126051 0
506893 1
292426 0
677213 0
649284 0
453848 1
403700 1
198907 1
870837 0
370207 0
147410 1
439006 1
105241 1
1188043 0
887038 0
750133 0
226241 1
835211 1
458731 0
520556 1
456246 1
830791 0
299672 0
2382006 0
706366 1
729885 1
335032 0
166017 1
254292 1
981233 0
221172 1
253574 1
772339 0
605000 0
721293 1
657322 1
2567246 0
1617982 0
1042753 0
792345 1
530218 1
216070 0
471029 0
367728 1
210010 0
984867 0
414971 1
570535 1
205784 0
757654 0
2106541 1
441051 0
219166 0
887481 1
1027103 0
134410 1
202365 1
1358026 0
614683 1
275907 0
690407 0
878102 1
507517 0
571109 1
1159102 0
527130 1
484942 1
95669 0
1472602 0
164016 0
699101 0
709465 0
123389 0
381642 1
1122083 0
273509 1
255465 1
1055807 0
1051073 1
481361 0
440782 1
220445 0
676206 0
1262636 0
785540 1
115136 1
457300 0
488862 0
701865 0
343385 1
534060 1
362592 1
258044 1
641807 1
395592 1
188995 0
220292 1
393465 1
730057 1
459543 1
436305 1
236517 1
981142 0
318107 0
722082 0
194097 1
144952 1
217173 0
915988 1
492103 1
649007 1
716676 0
465581 1
601033 0
1635974 0
993533 0
1474337 1
853379 0
313198 1
67348 1
519931 1
375621 1
98392 0
104437 1
829887 1
1228447 0
1827336 0
254330 0
649347 1
586461 0
663111 0
118052 1
258044 0
417745 0
412700 0
828288 1
766719 1
909265 0
334851 0
338584 0
452557 0
334087 1
373403 1
412032 0
352204 0
1916558 0
1027785 0
905497 1
124102 1
105228 0
322158 1
827946 1
353595 0
1422529 1
578539 0
98184 1
472935 0
741913 0
683137 0
1157589 0
524440 0
571647 1
379689 1
1021726 0
498066 1
595880 0
999898 1
67268 0
483093 0
683952 0
298198 1
1385642 0
126024 0
480521 0
165772 1
1643377 0
591408 0
276537 1
198957 0
694002 0
620081 1
481359 0
1045201 0
838230 1
280603 1
161808 1
748230 0
891227 0
499153 0
397411 1
810680 0
426286 1
