485057 1
222658 0
262945 1
597749 1
426198 1
143523 1
628296 1
965508 1
1737102 1
1148485 1
450736 1
320062 1
970050 0
181817 0
788564 1
615280 1
242032 1
661078 1
711872 1
707381 1
1210099 1
962667 0
612904 1
446648 1
1249530 0
444727 1
879640 1
379985 0
341601 0
853052 0
624933 1
796768 1
463969 1
1105526 0
856624 1
1004583 1
973037 1
754894 1
860574 1
83386 1
319902 1
469130 1
275751 1
1233433 0
339058 1
371419 1
670112 1
431690 1
898868 1
585187 0
1462020 0
126213 0
262945 1
462999 1
367235 0
1096210 0
402507 1
782051 0
141539 0
286727 1
379674 1
780666 1
284273 1
368525 1
894749 1
534551 1
380908 1
1342740 1
520188 1
153364 1
939816 0
530265 1
855101 1
332275 0
58335 1
152230 1
217387 1
265878 0
736433 1
776924 1
560174 1
86294 1
548332 1
2743492 1
106860 1
353854 1
353167 1
1017467 1
499612 1
147463 1
1448819 1
259721 1
786178 1
147332 1
489152 1
94189 1
410605 1
565474 1
876815 1
655384 0
352620 0
350143 1
920556 1
442496 1
980245 1
458819 1
249304 1
2130878 0
536970 0
79928 1
774988 1
679430 0
927402 0
315105 1
400842 1
1011914 0
353784 1
620586 1
746126 0
709535 1
439780 0
259294 1
239737 0
262635 1
796018 1
171591 1
1885824 1
1330027 1
333762 0
194013 1
368006 0
190690 1
246914 0
1070801 1
1481424 1
665411 1
350143 0
927402 0
677604 0
432288 1
1033561 1
565660 0
285857 1
141278 1
255896 0
267847 0
502510 1
691815 0
1519903 0
574856 1
125024 1
1816493 1
773448 1
1671145 1
690669 1
202274 1
126521 1
859034 1
41272 1
180309 1
178947 1
113484 1
932436 0
252732 1
532844 1
372821 1
1162388 1
122828 1
179716 1
184696 1
617534 1
948852 1
1162374 0
222718 1
1435557 1
310150 1
426999 1
375119 0
226711 1
535580 0
139702 1
453412 1
412766 1
89639 1
1887941 1
803168 1
173970 1
1318099 1
1490947 1
209425 0
600950 0
514115 0
937137 1
2549625 0
1013807 1
1254192 1
373321 1
64894 1
304563 1
271185 1
357291 1
809362 1
129127 0
1072669 1
1176227 0
149664 1
624682 0
438089 1
1987025 1
1528580 1
364020 0
130566 1
377688 0
1097232 0
743252 0
257621 1
1123672 0
874183 1
172831 1
331640 1
572964 1
1244256 1
1122068 0
314772 1
97661 1
724068 1
759433 0
452773 1
394897 0
278081 1
730403 1
202523 1
825253 0
653235 0
147589 1
756237 0
1462749 1
383135 1
660091 1
1248868 1
935076 0
445715 1
205108 0
479620 0
407968 0
214658 1
870553 1
1379706 0
811159 0
725587 1
724068 1
325061 1
1475407 1
2162847 0
584103 1
707109 0
135321 1
118276 1
93310 1
736949 0
110617 0
400512 0
226704 1
725587 1
592707 0
461279 1
197341 0
333398 1
3296804 1
294090 1
405643 1
250442 1
514000 0
242242 1
1158515 0
1569003 1
170366 1
198966 1
59320 1
1003520 1
910514 1
783607 0
2887939 0
538146 0
431009 1
612206 1
626044 0
443208 1
554734 1
256782 1
313317 1
112419 1
1869272 0
678664 1
260627 1
163708 0
853902 1
673099 1
592551 1
370789 1
325061 1
430974 1
173860 1
698523 1
1528580 1
431623 1
793133 1
291587 1
1244256 1
184847 1
515424 0
689946 1
321249 0
165727 0
1663331 1
204697 0
484227 1
330037 1
1041724 0
576058 0
1418461 1
729452 0
173799 1
63472 1
478701 1
493164 1
940736 0
299012 1
440770 0
222351 1
312950 1
175106 1
425428 0
2297202 0
559799 1
270047 1
446570 1
596533 1
295435 1
262167 1
710783 0
806566 0
336917 1
1792793 0
526603 1
809066 1
1197213 1
1003524 1
615150 1
446420 1
1128075 1
174888 1
191467 1
1105665 1
350606 1
178860 1
548877 0
124630 1
145087 0
373143 1
228778 1
134140 1
224803 0
874327 0
1409686 0
1373885 0
153839 1
1539531 0
772762 0
129385 1
382780 1
797048 1
357524 1
218001 1
524428 0
626975 0
445827 1
1464530 1
571505 1
1579543 1
369103 0
301044 0
596964 1
375598 0
1065808 0
128903 1
1277007 1
309472 1
429319 1
730194 0
277676 1
419828 0
598762 0
1178714 0
1186916 1
1391333 1
1613480 0
447191 1
932181 1
828182 0
723116 0
102999 1
328103 0
220177 1
510888 0
83436 1
585382 1
996062 1
269153 1
549402 1
953443 1
724938 0
1121998 0
925106 0
192809 1
134373 1
164100 1
1004001 0
1987397 1
408261 0
782374 0
850431 1
224393 1
467278 0
1077453 1
536285 0
622129 1
359398 0
45918 1
183502 1
445649 0
2329689 0
800073 1
2116592 0
774237 1
597964 1
230184 1
81796 1
295894 1
308400 0
844696 0
1362178 0
495073 1
248601 0
252216 1
364441 1
368047 1
464172 0
227048 1
594937 0
687451 1
614246 0
159762 1
1451004 0
126373 1
440697 0
168091 0
588937 0
2003579 1
598637 0
633225 0
302971 1
677952 0
273943 0
976399 1
1444562 0
221963 1
879092 1
570388 1
251475 1
141126 1
354074 0
814912 1
685595 0
597964 1
219458 1
734060 1
740246 0
1195069 0
554629 0
626363 1
98806 0
620119 0
582604 1
705220 0
264626 1
552954 0
441732 1
111958 0
1032277 1
823467 1
1588170 1
978877 1
1047356 1
1297843 1
1304106 1
107741 1
1367540 1
1385452 1
671139 0
340526 1
307022 0
502627 0
324696 0
239322 1
425083 1
1491120 1
503136 0
1629418 0
191848 1
760725 1
1292158 1
1687737 1
286236 1
158605 1
248876 0
402149 1
1315229 0
862339 1
659112 1
1324974 1
768624 0
1437698 1
168271 1
749181 0
99008 1
518954 1
965685 0
181960 1
240452 0
330816 1
700209 1
1215952 1
409682 1
187022 0
1025065 0
682068 1
501534 1
1274315 1
819323 0
534723 1
255140 0
321558 1
162884 1
2557705 0
324652 1
1187140 0
555830 0
990916 0
658110 1
389725 0
551465 0
555450 1
1061406 1
517182 1
396419 1
925645 1
426688 0
1265167 0
396710 0
113397 1
166794 1
921468 0
1370041 0
298911 1
1162647 0
1355346 0
124053 0
196940 1
743432 1
367284 1
307230 0
510425 1
496337 0
1367959 1
1486819 0
861752 0
454023 1
125485 1
537628 1
462363 0
120216 0
1000713 1
390215 1
500488 0
491819 1
460932 1
381654 1
793035 0
612848 1
1606404 1
693355 1
98204 1
303798 0
128757 1
1860880 0
269728 1
180916 1
129907 1
610340 1
401871 1
377145 1
578621 0
1632008 0
348201 1
911973 0
806136 0
200966 0
1162280 0
205565 0
552881 1
288881 0
450449 0
578893 1
2407515 1
151549 1
1675554 0
1003937 0
1137222 1
335528 1
715924 0
548209 1
710967 0
258963 0
282364 1
1166382 1
604759 1
893541 0
821171 1
445286 0
534723 1
945796 1
894821 0
2389264 1
261522 0
316065 0
593252 0
152141 1
444088 0
828466 1
376354 1
577007 1
1312191 1
623170 1
1310857 1
365986 1
474800 1
538498 0
190491 0
633913 0
261804 1
217165 1
595369 1
1006486 0
325894 1
456179 1
615056 1
527119 0
412355 1
1683008 0
1092852 1
1352670 1
111056 0
105069 1
836092 1
804986 0
103840 1
354450 0
544427 0
557492 0
255174 1
726852 0
158824 0
166913 1
388643 1
371154 1
607099 0
262844 1
643304 1
436635 0
532735 1
850441 1
390585 1
517621 1
388529 1
309753 1
1558052 0
1166681 0
209755 1
1527416 0
1048140 0
390481 0
375525 1
120216 1
83436 1
633913 0
899271 1
1634917 0
346568 1
270588 1
372393 1
142213 1
491018 0
1165743 0
1744638 1
262442 0
640376 0
1123568 1
232819 0
846369 1
374324 1
715913 0
1137488 1
654752 1
425306 0
320196 1
804566 0
267308 0
94895 1
517884 1
93020 1
1142578 0
1311446 0
1305512 0
302053 1
1683771 1
542469 0
511165 1
419241 1
1210445 0
268599 0
2772029 0
587858 0
961442 1
279292 0
228860 1
349743 1
1309084 0
287307 1
297164 1
840768 0
537483 0
2326859 1
789829 1
3537675 0
2301582 0
1522916 0
1931933 1
600934 1
317081 0
755533 0
613829 1
351180 1
1147335 0
384820 1
629260 1
294999 0
849408 0
3248108 1
486612 1
230952 0
1293659 1
872090 0
243179 1
228612 1
2170174 0
744718 1
301438 0
892038 0
755731 1
450052 0
679238 1
1526723 0
597174 1
531427 1
161079 0
2432818 0
201485 0
1190027 0
761505 0
129563 1
454879 1
1250592 0
243402 1
393898 1
1449402 0
1379866 0
755199 0
720286 0
178029 0
766160 0
1583060 0
941965 1
123280 1
620484 0
880582 0
1066408 0
283961 1
799554 1
615737 0
257057 1
662419 1
528420 1
342412 0
334831 1
657718 1
913647 1
982785 0
522060 1
374471 1
1394622 0
497362 0
1008691 0
219809 1
137771 1
302292 0
1250049 1
400850 1
642941 1
1096802 0
442940 1
1056164 0
2859582 0
879654 0
1503006 0
1603491 0
453527 1
83187 1
565457 0
414115 1
135755 0
122674 1
933144 1
1685055 0
3123289 0
269926 0
775898 1
1290011 0
1674987 1
180420 1
257057 0
668281 0
514146 0
792061 1
1061608 1
1876276 0
393419 0
397818 1
387461 0
446431 1
585208 1
568641 0
395943 0
2120506 0
1772131 0
834901 1
125792 1
156042 0
659935 1
1028030 1
342934 0
1991039 1
654095 0
73300 0
478230 0
1157983 0
776943 0
1122741 1
652588 0
725672 1
520295 1
1154215 0
763539 1
826769 0
1349671 1
68224 0
588626 0
1091568 0
326658 1
2088247 0
271944 1
403533 0
261700 1
1997015 0
404383 1
250900 1
249909 0
1479471 0
774913 1
682445 0
1287564 0
1062351 1
579577 0
214719 1
988556 0
1183587 0
718199 0
394743 1
1297255 0
767761 0
