130063 1
89641 0
133082 1
227677 1
197999 1
113488 1
234200 1
317103 1
383000 1
382455 1
224688 1
115492 1
401325 0
102199 0
261903 1
182305 1
117160 1
214303 1
496817 1
213692 0
360707 1
390075 0
197790 1
102881 1
319634 0
188632 1
172848 1
168964 1
192911 1
360962 0
145307 1
621577 1
413711 1
226240 0
242742 1
410855 1
277024 1
217089 0
202475 1
59661 1
119359 1
158359 1
149939 1
390355 0
152696 1
155489 1
538497 1
104105 1
253654 1
259242 0
343541 0
94919 0
133082 1
141345 1
131263 0
505607 0
156076 1
278701 1
128527 0
120634 1
177575 1
174304 1
90734 1
127432 1
277513 1
161889 1
206604 1
502576 1
351273 1
34565 1
281879 0
147762 1
427783 1
249100 0
55416 1
56301 1
87150 1
101749 0
292406 1
243243 1
302593 1
70156 1
230038 1
376684 1
69801 1
114837 1
142527 1
491097 1
186019 1
114428 1
267234 1
202574 1
147321 0
89402 1
237044 1
51248 1
149030 1
173166 1
344546 1
231188 1
183821 0
144673 1
262915 1
147274 1
560272 1
188858 1
130446 1
369551 0
205990 1
47777 1
156791 1
361358 0
189170 1
162037 1
204188 1
272395 1
197958 1
329660 1
311978 0
317144 1
140298 1
85305 1
184772 0
108659 1
315313 1
94130 1
500274 1
231703 1
219625 1
113470 1
139096 0
103208 1
123511 0
196695 1
386254 1
274909 1
144673 0
189170 1
249104 0
235286 1
469297 1
255759 0
149357 1
97603 1
115757 0
141261 1
146875 1
231649 1
520518 0
189199 1
84250 1
375169 1
277426 1
426251 0
242815 1
154547 0
61669 1
278693 1
44883 1
158396 1
70419 1
69579 1
295943 0
105878 1
317596 1
252248 1
541322 0
73661 1
91970 1
84263 1
237995 1
413548 1
283070 1
150868 1
385454 1
121392 1
107094 0
143488 0
117070 1
135707 0
55555 1
188679 1
139399 1
44536 1
286596 1
193897 1
95321 1
415517 1
445210 1
197775 0
318690 0
142640 0
209245 0
369182 0
325895 0
444124 0
147248 1
43657 1
83708 1
162457 1
132387 1
222340 1
93420 0
486851 1
320230 0
77719 0
252177 1
177605 1
398451 0
286811 1
135255 0
79775 1
172971 0
419581 1
253783 0
67351 1
296404 0
394019 1
159896 1
122563 1
411248 1
193833 1
335249 0
135408 1
82447 1
251283 1
307941 0
189211 1
195559 1
130551 1
381042 0
84636 1
251635 1
221860 0
79879 1
289830 0
268990 1
158169 1
272487 1
536572 1
258996 0
190423 0
99387 0
303606 0
163398 0
136234 1
293168 1
303772 0
376477 0
224947 1
251283 1
171204 1
441155 1
485072 0
238777 1
432434 0
85598 1
80574 1
36383 1
342429 0
164888 1
139097 0
103974 1
224947 1
210172 0
226372 1
134601 0
141186 1
756889 1
178275 1
154036 1
120135 1
185813 0
107675 1
289311 1
402960 0
105904 1
60785 1
36153 1
358004 0
228775 1
557750 0
876831 0
175393 0
165179 1
240968 1
419552 1
167893 1
207808 1
125712 1
152757 0
83727 1
516860 0
275408 0
186659 1
86206 0
456352 1
226486 1
266239 0
279725 1
171204 1
181675 1
71746 1
228456 1
286811 1
146941 0
180062 1
116221 1
193833 1
182031 1
214119 0
287368 1
122201 0
93741 1
465984 1
110221 1
179038 1
196440 1
287310 0
230361 0
434607 1
302740 1
53811 1
40861 1
182853 1
173418 1
353995 0
106834 1
120598 0
71874 1
119807 1
114588 1
190118 0
580045 0
188149 0
125303 1
184872 1
189345 1
140756 1
96230 1
290780 1
366372 0
161726 1
676204 0
270823 1
216107 1
246699 1
156035 1
202284 1
242103 0
437102 1
106626 1
181459 0
346486 1
163854 1
74846 1
176408 0
132062 1
81698 0
189866 0
80057 1
89218 0
117874 0
327480 0
387099 1
366592 1
142136 1
427750 1
245279 0
73223 1
154251 0
258891 1
124097 1
92085 1
289113 0
295297 1
263753 1
287448 1
210134 1
429198 1
193443 1
175202 0
273977 0
148293 0
298002 0
54359 1
463048 1
200469 1
142964 0
409856 0
115820 1
226833 0
295080 0
490789 0
303814 1
374188 1
489199 0
174994 1
179780 1
432504 0
234270 1
75361 1
126407 1
102314 1
169669 1
113510 1
148237 1
282293 1
100482 1
429466 1
237112 1
454469 0
301576 0
404812 0
95080 1
98212 1
89909 1
422615 0
407424 0
189850 0
348598 1
228379 1
92049 1
129723 0
239677 1
180621 0
375335 1
135722 1
34188 1
182934 1
281555 1
504176 0
192173 1
455355 0
291374 1
297731 0
85734 1
62698 1
264510 1
186815 1
428186 0
553989 0
379560 1
124071 0
122550 1
106999 1
195497 1
229724 0
142365 1
354753 0
285731 0
276272 0
61732 1
1088398 0
112073 1
217401 0
125945 1
217960 0
425407 1
325574 1
219087 0
270565 1
408724 1
121885 1
203893 1
664587 1
157145 1
248855 0
196262 1
130044 0
80542 1
149905 0
276944 1
333501 0
297731 0
120129 1
227839 1
335999 0
489934 0
155988 0
350183 1
94947 0
273588 0
258824 1
223586 0
111491 1
179185 1
194403 1
76404 0
502530 1
338909 1
601889 0
295573 1
383027 1
927865 1
432151 1
96110 1
350130 1
432005 0
211839 0
157508 1
154902 1
175444 0
152381 0
132617 1
137953 1
512993 0
217391 0
708095 0
61485 0
200919 1
229183 1
493098 0
137746 1
97367 1
114231 0
202656 1
340546 1
331720 1
193018 1
425869 1
374237 0
413985 0
85772 1
312929 0
80256 1
264299 1
237481 0
53210 1
143742 0
113977 1
254264 1
264154 0
209367 1
104204 0
276378 0
172623 0
383248 1
292580 1
171170 1
213120 1
159019 1
149660 1
75142 0
393317 0
193672 1
240055 1
329589 0
324137 0
258863 1
161021 0
267891 1
176331 0
373176 0
221462 1
134167 1
329241 1
217370 0
486406 0
161598 0
91104 1
81317 1
337850 0
298591 0
136335 1
464046 0
319452 0
116619 0
112026 1
398757 1
191485 1
228137 0
216860 1
146849 0
373459 1
370109 0
199041 0
204836 1
105454 1
630456 0
189673 0
79358 0
236450 1
376020 1
176874 0
213854 1
199668 1
213932 1
240122 0
200451 1
399061 1
278483 0
68035 1
92032 0
67376 1
637675 1
201696 1
137290 1
84987 1
170127 0
165931 1
248088 0
238937 0
549865 0
124753 1
360522 0
288653 0
141334 0
352680 0
81704 0
273643 1
136628 1
216814 0
144326 1
399056 1
86952 1
286928 0
397715 0
297811 0
198010 1
430665 0
254597 1
289286 0
123275 0
97522 1
460076 0
259753 1
216219 0
136561 1
221271 0
213120 1
195790 1
266371 0
510866 0
163524 0
85505 1
502778 0
132021 0
378480 0
259218 0
289956 0
264019 1
371519 1
330930 1
327034 1
78478 1
253739 1
347364 0
126679 0
460287 0
192951 1
90548 1
227920 1
316773 1
159419 1
224494 1
164259 1
202485 1
95488 0
317497 0
339682 1
333707 1
96503 0
120321 1
350020 1
340610 0
83088 1
236611 0
296378 0
250231 0
80893 1
283518 0
83751 1
208540 1
177777 1
187245 1
144009 1
108199 1
202433 1
237321 0
153256 1
271144 0
147432 1
148623 0
211311 1
120680 1
494192 0
612180 1
139367 1
553448 0
502852 1
228198 0
235604 0
79358 1
113510 1
460287 0
314442 1
742241 0
154025 0
193830 1
211129 0
76708 1
239586 0
343358 0
427222 1
233692 0
164324 0
195935 1
72161 0
337695 0
196613 1
290899 0
385452 0
225954 1
172215 1
132622 1
374698 1
95085 1
55694 1
162610 1
64863 1
394168 0
535754 0
379377 0
154747 1
555413 1
282504 0
175799 1
126947 1
408518 0
160832 0
601802 0
210272 0
409746 0
114422 0
98324 1
219951 1
429967 1
103647 1
173936 1
262263 0
220740 1
497410 0
312084 1
639845 0
481770 0
287047 0
363974 1
186284 1
132103 0
267563 0
326727 1
200319 1
396542 0
159993 1
259702 1
184798 0
978722 0
601377 1
124139 1
244840 0
488387 1
382545 1
123527 1
92910 1
383319 0
358299 1
113309 0
446890 0
269470 0
325866 0
331231 1
476960 0
268819 1
248135 1
101131 1
442837 0
99517 0
654141 0
304371 0
95197 0
189071 0
346812 0
141768 1
141728 1
333716 0
565958 1
373616 0
304478 0
88278 0
253579 0
641243 0
396746 1
73020 1
444288 0
643879 0
309117 0
173944 1
289658 1
237496 1
108089 1
240996 0
174424 1
217695 0
204144 1
211834 1
599436 1
288817 0
127012 1
196687 1
433437 0
272311 0
257950 0
115179 1
77024 1
135324 0
545132 1
185896 1
351272 1
475428 0
292089 0
427489 0
757972 0
373497 0
576139 0
441288 0
238350 1
45852 1
219315 0
181111 1
68886 0
74743 1
209101 1
248503 1
823659 1
146286 0
223854 1
274444 0
391673 0
107026 1
108089 0
186583 0
163018 1
237593 1
233800 1
614703 0
193098 0
89947 1
150684 0
154829 1
227584 1
164402 1
204565 0
478469 1
423574 0
472429 1
59600 1
100501 0
148954 1
361355 1
183530 0
805023 1
232511 0
72067 1
166980 0
412068 0
234927 0
429136 0
316423 0
207148 1
225903 0
640634 0
387856 1
379701 0
316929 1
86130 1
298986 0
326989 0
102186 1
640616 0
170603 0
143139 0
184472 1
711544 0
114450 0
97380 1
112893 1
462373 0
308211 1
233671 0
324713 1
484923 0
167015 1
109870 1
492011 0
330120 0
268335 0
146011 1
343972 1
223034 1
