163074 1
64004 1
130055 1
139243 1
143731 1
148015 1
156559 1
184649 1
311914 1
163316 1
200350 1
105813 1
240434 0
113495 0
192857 1
169356 1
88844 1
143900 1
304826 1
177089 1
247637 1
333662 0
168286 1
106600 1
290832 0
174888 0
172646 1
99793 1
182734 0
188117 0
103399 1
311417 1
209725 1
236035 0
169696 1
240965 1
233881 1
149666 1
168224 1
74978 1
135315 1
177950 1
93800 1
234922 0
140214 1
126102 1
258505 1
155594 1
157862 1
166522 0
375800 1
61244 0
130055 1
138096 1
159041 0
243179 0
128215 1
339452 1
81128 0
113242 1
84950 1
116763 1
76674 1
124818 1
267789 1
163215 1
166947 1
247520 1
207784 0
28834 1
207453 0
115176 1
244197 1
200074 0
47402 1
34613 1
73980 1
70355 0
175597 1
188906 1
207770 1
54991 1
221685 1
361260 1
78552 1
115769 1
87255 1
350083 1
125812 1
56265 1
193185 1
120951 1
107470 0
112293 0
173879 1
87330 1
86213 1
195801 1
177126 1
188155 1
204484 0
183667 1
196915 1
130537 1
495617 1
168433 1
89377 1
301747 1
214142 1
34595 1
154077 1
235973 0
205524 1
120913 1
151276 1
220148 0
134947 1
143027 1
180398 0
253622 1
130974 1
65493 1
140740 0
91619 1
343694 1
36952 1
397225 1
269518 1
160904 1
86693 1
179512 0
56770 1
120370 0
151042 1
246780 0
234751 1
183667 0
205524 1
206047 0
184453 1
279202 1
172545 0
180400 1
49908 1
136136 0
108765 0
156341 1
138320 1
264373 0
137508 1
95168 1
310121 1
170894 1
288881 1
154437 1
84707 1
54202 1
202225 1
45489 1
88101 1
67215 1
60135 1
236844 0
101901 1
174045 1
171306 1
318572 0
49338 1
107038 1
82777 1
205502 1
194732 1
252710 0
90015 1
213974 1
53867 1
101424 0
95900 0
90223 1
181418 0
57106 1
186493 1
120489 1
53915 1
364858 1
181003 1
72381 1
257389 1
185439 1
143686 0
399913 0
159193 0
131576 0
219887 0
246722 1
175412 1
130182 1
49773 1
76417 1
183309 1
148173 1
260701 0
88759 0
472912 0
267595 0
58668 0
154821 0
124993 1
237308 0
331222 0
126392 0
72975 1
128631 0
321243 1
218232 0
80874 1
375522 0
266624 1
139145 1
173764 1
275551 1
237033 1
293795 0
122089 1
70355 1
159844 1
237630 0
162759 1
140814 0
118952 1
303226 1
68891 1
166560 1
206639 0
90409 1
263288 0
296068 1
152673 1
173530 1
380134 1
200666 0
181958 1
91493 0
162804 0
130424 0
69481 1
278545 1
283312 0
331921 0
167331 1
159844 1
142873 1
246792 1
336920 0
116630 1
226529 0
54567 1
48217 1
40957 1
193104 0
68536 1
153942 0
157349 0
167331 1
145845 0
191154 1
129329 0
102714 1
546024 0
112129 1
156332 1
73646 1
128737 1
88751 1
323573 1
219887 0
91748 1
54632 1
40289 1
277505 1
159770 1
384347 0
599956 0
185537 1
143004 0
195683 1
237026 1
113238 1
249019 1
81089 1
125284 0
66850 1
400961 0
206426 1
125679 1
77616 0
173177 1
195918 1
167614 0
147824 1
142873 1
141831 1
65027 1
149849 1
331222 0
100066 0
186166 1
103112 1
237033 1
126980 1
131707 0
246733 1
88240 1
94690 1
294161 1
66956 0
146052 1
110925 1
268622 0
153214 0
275183 1
178503 1
44773 1
38171 1
202904 1
156557 1
333021 0
90578 1
117149 0
71517 1
99691 1
65991 1
209025 0
465943 0
121737 1
70517 1
155944 1
155638 1
156657 1
90514 1
234750 1
364946 1
147214 1
328999 0
206135 1
179478 1
188258 1
152616 1
246939 0
128365 1
230962 1
108630 1
154048 0
288452 1
119849 1
61467 1
244186 0
89427 1
101082 0
116775 1
96162 1
66921 0
82949 0
259417 0
318857 0
238392 1
107811 1
515009 0
303754 0
57417 1
128348 0
248082 1
133162 1
100334 1
230944 0
306283 0
216783 1
280783 1
230710 1
370875 1
170288 0
120449 0
115218 0
134788 1
202511 0
59595 1
284356 1
166154 1
126923 0
334421 0
139888 1
196050 0
255993 0
328700 0
244840 1
331653 0
262798 0
163687 1
190551 1
263724 1
212923 1
54926 1
103000 1
96632 1
209250 0
96572 1
132183 1
194315 1
100077 1
213358 0
152085 1
348563 0
272018 0
233329 0
77285 1
79250 1
70997 1
284783 0
259111 1
146360 0
286737 0
142700 1
104041 1
202635 1
206631 1
103343 0
171197 0
115280 1
32345 1
121216 1
157661 0
292857 0
212569 1
370050 0
193664 1
198173 0
70692 1
44458 1
138911 1
122671 1
264278 1
351904 0
177236 1
103364 0
96599 1
104565 1
148361 1
146074 0
102583 1
457060 0
293147 0
208819 1
65409 1
594560 1
116848 1
173369 0
92185 1
173810 0
400899 0
166345 1
180912 0
158895 1
275922 0
124935 1
198843 1
442821 1
156943 1
373901 0
194466 1
109500 0
58774 1
113585 0
309458 1
215280 0
198173 0
89506 1
113298 1
253845 0
329545 0
144778 0
145280 1
51842 0
238493 0
191049 1
206193 0
87727 1
123749 1
142837 1
63871 0
266183 1
263455 1
346250 1
176074 1
348497 1
649905 0
240755 1
100973 1
262755 1
309419 1
202782 0
125716 1
115286 1
193214 0
79024 0
84216 1
98613 1
235837 0
196262 0
568653 0
73549 0
156802 1
214755 1
261426 0
124575 0
69070 1
108552 0
183534 0
347445 1
176185 1
179150 1
300504 1
255153 0
222027 0
79547 1
181686 0
58416 1
236001 1
192364 1
49002 1
126353 1
96230 1
212235 1
284859 0
191693 1
92487 0
349413 0
222064 0
173909 1
245489 1
278886 0
173268 1
123673 0
232284 1
54347 1
366850 0
178363 1
250811 0
232206 0
167869 0
233273 1
127075 0
197820 1
166769 0
207571 1
216690 1
102492 1
284338 1
163522 0
197285 0
133587 0
77327 1
73025 1
148892 0
209541 0
130956 1
318273 0
169679 0
89557 0
87805 1
246338 1
103795 1
200085 0
115480 1
115611 0
338109 1
300067 0
269892 0
160448 1
103451 1
409557 0
128548 0
47092 0
186502 1
254272 1
176804 0
147692 1
157483 1
117942 1
174001 0
157174 1
235852 1
180276 1
58403 1
93700 0
77348 1
351458 0
155027 1
59926 1
80777 1
142111 0
145250 1
117523 1
215137 0
395114 0
152292 1
398844 0
268606 0
125824 1
224492 0
71723 0
225848 1
112053 0
139620 0
150022 0
456874 1
69312 1
384039 0
195568 0
217234 0
158448 1
359922 0
157242 0
215832 0
123756 0
83203 1
330321 1
209602 1
188203 0
153034 1
193357 0
173268 1
156111 1
259798 1
337821 0
138015 0
49314 1
326821 0
86580 0
186025 0
381077 1
112989 1
193518 0
347188 1
228826 1
257107 0
135651 1
230658 1
246734 0
77892 1
267901 0
118343 0
90762 1
191213 1
245633 1
106490 1
162770 0
120817 1
141274 1
74046 0
234436 0
227566 1
293979 1
78582 0
61459 1
252487 1
248624 0
69048 1
164896 0
186012 0
228642 1
69393 1
218729 0
73735 1
147728 1
146786 1
124224 1
102209 1
88522 1
189032 1
133549 1
150341 0
186864 0
104676 1
171065 1
147149 1
111947 1
397442 0
226495 1
84736 0
354158 0
395873 0
283024 0
210293 0
47092 0
96572 1
267901 0
197145 1
566922 0
120597 1
147648 1
150811 1
84718 1
199470 0
314595 0
351422 1
117116 1
258677 0
207595 1
85681 1
284044 0
126911 1
221043 0
281301 0
225246 1
244134 0
95884 1
258304 1
113263 1
44928 1
184462 1
53140 1
234320 0
506518 0
304709 0
157704 1
335546 0
264305 1
81936 0
148189 1
374963 0
119741 0
435808 0
223476 0
277663 0
132086 0
103522 1
153273 1
301293 0
117877 1
109248 1
177186 0
166590 1
437658 0
185819 1
423498 0
360046 0
213298 0
239855 1
168590 1
100429 0
220469 0
241693 1
165089 0
141891 0
138428 1
174954 1
120166 0
330816 0
753806 1
141373 1
76692 0
368948 1
309779 1
88558 1
108996 1
301454 0
224820 1
111315 0
237257 0
162987 0
249132 0
176673 1
400450 0
183050 0
162848 1
57740 0
417091 0
100673 0
397734 0
252706 0
65519 0
132730 0
299974 0
93125 1
107627 1
303058 0
251462 1
203424 1
206729 1
98457 0
173700 0
424099 0
320586 1
68971 1
359436 0
270799 0
178198 0
91803 1
296442 1
187510 1
144955 1
198363 0
151656 1
162938 0
130380 1
145111 1
513761 1
268944 1
137269 1
135769 1
397304 0
154961 0
291750 0
256657 0
78163 1
104651 0
432298 1
121925 1
207676 1
217095 0
232434 1
291433 0
550847 0
287204 1
292597 0
318998 0
298047 1
43189 1
263186 1
186893 1
90599 0
61704 1
257718 1
193785 1
390873 0
140671 1
282717 1
244082 0
219604 1
61992 1
144955 0
191807 0
115569 0
274492 0
198388 1
393599 0
129386 0
86935 1
123103 0
135677 1
167335 1
161715 1
163340 0
425842 0
318181 0
268807 1
57552 1
73426 0
142190 1
243417 1
141031 0
422680 1
227554 0
57708 0
124946 0
226135 1
201633 0
311750 1
334647 0
175260 1
229128 0
451466 0
264609 1
270816 0
227636 1
81543 1
182078 0
207595 0
184199 1
291773 0
93109 0
177836 0
141380 1
611555 1
98576 0
120850 1
97647 0
353104 0
229931 1
288460 0
347084 1
333334 0
227870 1
102818 1
363382 0
259934 0
194894 0
125746 1
187815 0
206244 1
