536269 1
129651 0
238832 1
731277 1
409036 1
136988 1
667512 1
783628 1
1265794 1
922704 1
397121 1
269395 1
835656 0
106745 0
616474 1
513955 1
227041 1
487161 1
1098625 1
674439 1
1290289 1
988350 0
696952 1
386909 1
844782 0
426100 0
1314661 1
357602 0
348774 0
632731 0
422503 1
1184547 1
642379 1
933329 0
682311 1
1248287 1
881453 1
677589 1
474585 1
75647 1
273470 1
363429 1
261187 1
938988 0
393090 1
332944 1
710887 1
413380 1
900821 1
465832 0
1584298 1
137350 0
238832 1
376778 1
300493 0
863797 0
454244 1
704853 0
122743 0
293747 1
328196 1
734203 1
275797 1
376193 1
690635 1
603871 1
416151 1
972216 1
426045 1
126806 1
737204 0
412750 1
843411 1
371336 1
126351 1
81722 1
156044 1
178526 0
656922 1
673617 1
537694 1
103169 1
590278 1
2511571 1
113384 1
267747 1
348890 1
1089194 1
477641 1
104452 1
1499199 1
286144 1
376721 1
97254 1
434034 1
72862 1
412351 1
1214440 1
717882 1
709305 0
464622 0
281783 1
868453 1
421381 1
1405289 1
372993 1
241649 1
1658074 0
389314 1
82973 1
562683 1
921286 0
894757 0
293518 1
376665 1
837197 0
322971 1
591257 1
678068 0
670195 1
410813 0
173256 1
294375 0
228076 1
495140 1
59206 1
1654680 1
1252237 1
307186 0
200169 1
296381 0
205431 1
254374 0
1021377 1
1563359 0
545651 1
281783 0
894757 0
616544 0
494024 1
1594592 1
473844 0
397307 1
126039 1
254218 0
273693 0
283269 1
412309 0
1997546 0
465399 1
91283 1
1316253 1
557918 1
1454451 1
669357 1
192772 1
113827 1
695973 1
37001 1
167989 1
178754 1
54685 1
953433 0
279198 1
475013 1
278847 1
1180977 1
104016 1
187495 1
313569 1
560233 1
930227 1
874718 1
200799 1
1271431 1
182093 1
396748 1
215721 0
165900 1
452151 0
165312 1
480663 1
289850 1
104454 1
1466556 1
587810 1
158905 1
1360867 0
1366186 1
243861 0
870940 0
460094 0
802422 0
2432321 0
1265156 0
1174106 1
344366 1
62246 1
293659 1
288021 1
358095 1
926515 1
107395 1
1107560 1
1349655 0
170755 1
426669 0
382678 1
1416864 1
1476061 0
375503 0
129440 1
278365 0
931863 0
729841 0
227545 1
944258 0
842914 1
257951 1
231346 1
624366 1
904962 0
1062676 0
296058 1
89949 1
621234 1
722302 0
452489 1
329367 0
299991 1
860297 1
232857 1
696345 0
538689 0
143305 1
937375 1
1258996 1
303783 1
688719 1
1675679 1
844225 0
245137 1
179967 0
410965 0
318793 0
201163 1
724781 1
1266857 0
512423 0
680909 1
621234 1
384926 1
1758576 1
2295220 0
546898 1
718528 0
66933 1
120222 1
57814 1
559435 0
238563 1
332147 0
283109 0
680909 1
579267 0
416871 1
173397 0
381684 1
2373836 1
311907 1
540817 1
162567 1
568566 0
202013 1
1574641 0
2017524 1
206271 0
154362 1
55468 1
731751 0
864766 1
624829 0
2400963 0
447783 1
465432 1
687290 0
930152 1
438215 1
531073 1
146489 1
240716 1
114537 1
1861117 0
362895 1
317548 1
226838 0
1026101 1
578388 1
582665 0
285295 1
384926 1
404366 1
106110 1
497859 1
1476061 0
316495 0
734963 1
256836 1
904962 0
194037 1
347870 0
557921 1
242798 1
204922 0
1115354 1
202493 0
533703 1
402233 0
827491 0
350241 0
1492321 1
524923 0
165720 1
41997 1
463773 1
367571 1
1074396 0
247631 1
577493 0
265961 1
391647 1
182285 1
427021 0
2226983 0
351913 1
217096 1
376689 1
573264 1
280384 1
188702 1
486603 1
864353 0
342704 1
1733888 0
504650 1
712406 1
1010310 1
917376 1
597967 1
613140 0
968640 1
155393 1
281292 1
974421 1
191716 0
155084 1
361165 0
148513 1
188272 0
471579 0
177455 1
140784 1
256977 1
869006 1
1416916 0
1128488 1
242318 1
1538229 0
683043 0
123343 1
352516 1
584310 0
329326 1
210764 1
683392 0
822876 1
510776 1
1292949 1
417211 1
1468400 1
466584 1
186501 1
552636 1
414321 0
753355 0
71646 1
840367 1
227932 1
540461 1
735741 0
220956 1
437161 0
596833 1
1701371 0
1060033 1
1402696 1
1182036 0
512969 1
808337 0
1260365 0
487673 0
134801 1
358750 1
196184 1
407460 0
97119 1
450741 1
811227 1
235507 1
769000 1
545926 1
729018 0
882262 0
696219 0
159484 1
165537 1
119467 1
854001 0
2894515 1
271763 0
638780 1
824878 1
257897 1
431869 0
845713 1
482432 0
647480 1
394923 0
42252 1
217640 1
317727 1
1865885 0
663160 1
2376218 0
686087 1
569866 1
156687 1
91859 1
336073 1
394562 0
925286 1
1399081 0
536050 1
230057 0
243555 1
339168 1
344325 1
414178 0
190752 1
474161 0
807134 0
951889 0
145827 1
808746 0
119102 1
497663 0
157722 0
687643 0
1510955 0
457672 0
602498 0
385781 1
866985 1
328880 1
895568 1
1226153 1
213066 1
978337 1
577896 1
286768 1
112898 1
348166 0
544145 1
898597 0
569866 1
244557 1
665043 1
739139 0
992215 0
533830 0
550059 1
110063 0
829540 0
402392 1
690215 0
302316 1
529634 0
498080 1
108139 0
951706 1
742965 1
1636510 1
539673 1
1071658 1
1426104 1
1575811 1
112438 1
1178261 1
1267197 1
611137 0
265906 1
181234 0
508132 0
257962 0
278137 1
325457 1
961357 0
575283 0
1474445 0
119101 0
1238131 1
1103775 1
1379987 0
184603 0
134060 1
264044 0
459672 1
1347474 1
660302 1
711927 1
983884 1
599704 0
1064503 0
148908 1
574102 0
92451 0
494295 1
747930 0
188726 1
311427 1
252461 1
485070 1
985909 1
465142 1
223113 0
1276026 0
712913 1
554245 0
1187605 1
739165 0
477399 1
430707 1
229853 1
134696 0
1214452 0
288275 1
908882 1
426357 0
877919 0
827358 1
457226 0
565194 1
351427 1
975328 0
710705 0
292746 1
741990 1
464748 0
1006696 0
447045 0
108099 1
170757 1
549854 0
1378781 0
277143 1
1044371 0
845334 0
148624 0
188625 1
505204 1
434503 1
267227 0
441010 1
404744 0
1314273 1
1534668 0
653669 0
400372 1
143597 1
653336 1
475684 0
118995 0
928203 1
414308 1
430005 1
608057 1
418095 1
348465 1
896964 0
718234 1
1016852 1
632457 0
115735 1
247813 0
117229 1
1294974 1
238828 1
288308 1
128635 1
679035 1
291225 1
376635 1
579263 0
1978569 1
440396 1
899913 0
836783 0
214775 1
1138112 0
197749 0
580806 1
365329 1
322109 0
487283 0
2245217 1
188016 1
2056836 0
1115906 0
664340 0
312799 1
1095394 1
448914 1
609803 0
255206 0
259330 1
750476 0
535402 1
850616 0
285020 0
446869 0
477399 1
718383 0
521792 1
2210635 0
309509 0
243649 1
778015 0
183442 0
612245 0
1002946 1
374310 0
621804 1
1308710 1
653391 0
799968 1
237620 1
557517 1
602422 0
257594 0
871623 0
278482 1
215585 1
521150 1
1129447 1
352955 1
415953 1
519960 1
478026 1
494896 0
1709459 0
1367674 1
999746 1
99625 0
176514 1
997258 1
904532 0
98333 1
336631 0
424424 0
485227 0
231099 1
1029826 0
143828 0
260247 1
319560 1
397978 1
427501 0
301878 1
590169 1
561423 0
482415 1
631266 1
270556 1
521743 1
328001 1
251452 1
1818332 1
945583 1
220360 0
1522217 0
1095265 0
352167 0
405499 0
118995 1
97119 1
871623 0
995064 1
1536582 0
324196 1
346516 1
343471 1
124925 1
489863 0
931804 0
1652474 1
333995 1
621059 0
931325 0
209157 0
530866 1
379346 1
742250 0
614005 0
645316 1
448960 0
244241 1
850036 0
243037 0
77185 1
523396 1
108222 1
1235185 0
1388974 0
840662 0
388419 1
1765264 1
501070 0
662533 1
375940 1
1615672 0
299932 0
3527542 0
582730 0
951119 1
264737 0
322986 1
288618 1
1108483 0
259045 1
294446 1
821080 0
751795 1
1246275 1
660775 1
3005959 0
2047096 0
1375897 0
2025877 1
575639 1
289736 0
572954 0
534114 1
421575 1
792279 0
367654 1
601150 1
270123 0
1397593 0
2993562 1
409572 1
295896 0
1475149 1
966460 1
146839 1
156288 1
1776780 0
755037 1
299820 0
937610 0
785535 1
440521 0
687706 1
1565965 0
467240 1
541010 1
111121 0
1048429 0
166789 1
1190289 0
789272 0
126859 1
465366 1
1164585 0
244738 1
357928 1
1377706 0
1237278 1
718481 0
518456 0
199059 0
694005 0
1159170 0
991805 1
117628 1
679957 0
641127 0
916300 1
282289 1
695063 1
443525 1
234592 1
613273 0
368642 1
296211 0
300330 1
557930 1
975122 1
597314 1
656015 0
426038 1
2069475 0
435204 0
922028 0
303501 1
130337 1
294134 0
1101219 1
430782 1
626650 1
961899 0
471305 1
927646 0
2813179 0
904757 1
1315599 0
1601752 0
315581 1
76117 1
550598 1
385626 1
100991 0
156693 1
840871 1
1309922 1
2730830 0
278541 0
513919 0
771775 0
985351 0
182667 1
234592 0
571283 0
486605 0
486442 1
897094 1
1553846 0
418744 0
283947 1
535072 0
437206 1
408811 1
495959 0
382945 0
1647383 1
2067948 0
873192 1
100879 1
127038 0
383930 1
1131020 1
359995 0
2123531 1
695827 0
67450 0
358136 0
954502 0
800022 0
1233766 0
539598 1
789501 1
418481 1
1639026 0
929535 1
790428 0
997218 1
76161 0
569396 0
1067521 0
107496 1
2626000 0
114169 1
441424 0
271053 1
2124314 1
537254 0
531903 1
199742 0
772964 1
931237 1
632313 1
1557096 0
930661 1
363837 0
226313 1
865302 0
971244 0
669311 0
449936 1
1191668 0
595243 1
