710953 1
128526 0
274631 1
840172 1
456582 1
146532 1
903583 1
1148348 1
1455201 1
1334532 1
422175 1
342510 1
895253 0
176742 0
927077 1
690471 1
280228 1
633880 1
1492026 1
795048 1
1323692 1
1701605 0
923438 1
449969 1
976809 0
709653 0
1954192 1
389866 0
395806 0
761699 0
454613 1
962839 1
529031 1
1477363 0
800429 1
1410673 1
1034624 1
686574 1
489955 1
90229 1
461488 1
473801 1
286309 1
1131336 0
391291 1
455214 1
667102 1
576171 1
1009827 1
538804 0
1080367 0
141833 0
274631 1
465630 1
321600 0
1010992 0
505656 1
743119 1
206397 0
320962 1
369086 1
837724 1
384820 1
432824 1
698177 1
683993 1
574752 1
1598423 1
478663 1
133178 1
772383 0
457692 1
882038 1
411454 1
135003 1
95467 1
164073 1
245892 0
701751 1
751710 1
910894 1
110592 1
779061 1
2947624 1
117575 1
349649 1
351247 1
1229580 1
571449 1
111217 1
1868182 1
298531 1
684392 0
114128 1
461426 1
76694 1
352412 1
1127708 1
761697 1
891659 0
482094 0
372694 0
953997 1
509550 1
896154 1
375577 1
253542 1
2027947 0
590909 1
87721 1
503763 1
973507 0
1329513 0
342653 1
460669 1
787471 1
476501 1
592288 1
693316 0
679787 1
517945 1
307584 1
306583 0
259036 1
534612 1
61200 1
1795999 1
1568885 1
352176 0
187876 1
392527 0
225248 1
257698 0
1106699 1
1682851 0
676187 1
372694 1
1329513 0
701497 0
550979 1
1808179 1
540254 0
313107 1
136004 1
296170 0
352789 0
340458 1
498343 0
1737699 0
517472 1
98283 1
1348899 1
526285 1
1571775 1
925091 1
230801 1
139751 1
737531 1
47656 1
198509 1
195513 1
59774 1
839679 0
290007 1
493242 1
282166 1
1400772 1
104034 1
209472 1
459811 1
658493 1
1082195 1
881991 1
223196 1
1519049 1
193113 1
451058 1
220939 0
171538 1
512229 0
198659 1
538703 1
359139 1
115220 1
1545949 1
639806 1
187002 1
1266819 1
1277600 1
256345 0
1050815 0
526489 0
923642 0
2759415 0
1258692 1
1138850 1
408014 1
64988 1
378312 1
356981 1
405483 1
826471 1
119699 1
967089 1
1455657 0
176243 1
839879 0
515148 1
1675240 1
1343028 0
399765 0
152872 1
437391 0
1439517 0
996585 0
372749 1
1033298 0
933430 1
264005 1
309925 1
635756 1
1516754 1
1134577 0
331074 1
104495 1
626949 1
728337 0
498097 1
350528 0
310982 1
910124 1
300836 1
971041 0
678009 0
168272 1
1062223 1
1586535 1
353304 1
1005746 0
2166184 1
1039379 0
271251 1
191312 0
423080 0
342597 0
232191 1
1029823 1
1504294 0
545125 0
843677 1
626949 1
264135 1
1498552 0
2525359 0
583311 1
1262013 0
79935 1
130563 1
65085 1
831778 0
227194 1
380877 0
331630 1
843677 1
870814 0
444562 1
190118 0
414394 1
2426140 1
322903 1
634691 1
166342 1
575485 0
301441 1
1585079 0
2043506 1
232138 1
188482 1
58302 1
613444 1
990426 1
734107 0
3715534 0
472758 1
500943 1
656161 0
514862 1
524914 1
615636 1
147334 1
318268 1
121749 1
1458457 0
632371 0
333810 1
242507 0
1036677 1
602358 1
566134 0
330483 1
264135 1
463676 1
112596 1
997456 1
1343028 0
361040 0
919811 1
369751 1
1516754 1
231412 1
559069 1
640580 1
407308 0
414401 1
1188900 1
219017 0
660620 1
457934 0
854177 0
383564 0
1554598 1
624496 0
186101 1
52867 1
650035 1
397673 1
785544 0
279561 1
452326 0
292945 1
424574 1
205726 1
575607 0
2482567 0
548373 1
231101 1
377560 1
657686 1
304686 1
197245 1
538363 1
932929 0
332240 1
1856534 0
482451 1
811137 1
1140682 1
1084933 1
448775 1
583105 1
1110364 1
167882 1
277016 1
1402733 1
212024 0
173150 1
391991 0
160375 1
219151 0
550504 0
189604 1
157507 1
292133 1
1075559 1
2027635 0
1392334 1
282659 1
2562630 1
696242 0
134114 1
364611 1
837166 1
492698 1
250022 1
708153 0
995642 1
604551 1
1657420 1
499525 1
1384282 0
417300 0
200270 1
591985 1
442097 0
825831 0
73322 1
1730968 1
463717 1
658337 1
826891 0
238943 1
459995 0
761647 0
1729929 0
1272706 1
1176525 1
1830932 0
692452 1
1169723 1
1129914 0
534532 0
139483 1
260028 0
298689 1
441900 0
104952 1
484145 1
869243 1
269094 1
839602 1
652560 1
907056 0
1356842 0
719944 0
198775 1
152745 1
123640 1
1213418 0
2497727 0
319849 0
717227 1
660965 1
271341 1
478203 0
1087998 1
631755 0
736772 1
550584 1
47172 1
232308 1
333341 1
1847218 0
1107796 0
1979617 0
731682 1
596829 1
161566 1
99171 1
693602 1
451242 0
847693 0
1486624 0
573088 1
408927 0
380566 1
359058 1
551379 1
446858 0
204009 1
724317 0
668792 0
625037 0
175144 1
940673 0
124703 1
415806 0
169136 0
675248 0
1550246 0
718495 0
643917 0
452577 1
675924 1
278849 0
1268080 1
1041306 1
292145 1
1253664 1
803016 1
302126 1
132621 1
408123 0
890677 1
664928 0
596829 1
218071 1
813253 1
500064 0
1048985 0
576723 0
649519 1
119353 0
763076 0
386360 1
741549 0
370619 1
594584 1
750905 1
114782 0
1222986 1
831669 1
2301667 0
725177 1
1355031 1
2496819 1
1715960 1
132029 1
1335146 1
1500518 1
877845 0
282665 1
196485 0
538588 0
269297 0
243749 1
364047 1
1003793 0
623243 0
1607843 0
130398 0
1260303 1
1329477 1
1267817 0
198384 0
139041 1
306517 0
495020 1
1656573 1
672100 1
740752 1
1156022 1
704510 0
1055182 0
161629 1
746699 0
96080 0
519201 1
961066 1
216766 1
325734 1
320695 1
516144 1
1482079 1
610589 1
240242 0
1392639 0
900389 0
656091 0
1520174 1
890867 0
650254 1
481533 0
242286 1
150642 0
1687810 0
317116 1
1531580 1
445312 0
559392 0
1016310 1
486831 0
647523 1
563960 0
996410 0
620755 1
360531 1
1144658 1
526274 0
1122158 0
621290 0
118574 1
173973 1
791400 0
1594013 0
314388 1
1271019 0
1067743 0
176880 0
207799 1
559587 1
431707 1
310704 0
492291 1
492522 0
1856628 0
1709020 0
763052 0
474925 1
147150 1
774621 1
547245 0
150973 0
1124588 1
453730 1
570867 0
643398 1
574480 1
366673 1
974178 0
839344 1
1232522 1
678143 1
118298 1
271719 0
123080 1
1750018 0
325787 1
309658 1
141303 1
532096 0
429761 1
421043 1
604530 0
1845617 0
459549 1
938240 0
905339 0
222263 1
1454580 0
240419 0
683291 1
331046 0
339498 0
580773 0
2558374 1
209868 1
2280409 0
1453030 0
526219 0
456062 1
793136 0
540050 1
699398 0
289464 0
315973 1
1073682 0
701372 1
971797 0
581159 1
471770 0
650254 1
440552 0
729205 1
2397139 0
394635 0
327150 0
903189 0
225561 0
812131 0
1495464 1
353063 1
689114 1
1015532 1
587869 1
944680 1
292772 1
559321 1
650393 0
275237 0
982736 0
323443 1
236358 1
682026 1
1267789 1
422782 1
496339 1
760727 1
501138 1
389959 0
2768835 0
1496421 1
1686545 0
106005 0
182277 1
1107540 1
1033055 0
115584 1
595860 0
502145 0
606484 0
301043 1
876208 0
327893 0
255145 1
339999 1
682183 1
455515 0
385545 1
664817 1
591060 0
568802 1
430647 1
302606 1
620126 1
412341 1
310068 1
1512678 0
1045769 1
229909 0
1870125 0
984559 1
492560 0
386987 0
150973 1
104952 1
982736 0
740062 1
2917516 0
357910 1
345821 1
453862 1
187125 1
587578 0
1020021 0
1702463 1
344136 1
674365 0
1167873 0
315400 0
549971 1
403805 1
827798 0
678574 0
601818 1
537155 0
261217 1
941162 1
355817 1
122381 1
795726 1
155645 1
1323883 0
1321454 0
1254809 0
329924 1
1758888 0
840775 0
583410 1
500763 1
1244368 1
337272 0
4329852 0
515456 0
969991 1
470348 0
218943 1
284964 1
1490385 0
262887 1
273386 1
852650 0
718205 1
1318860 1
782046 1
3399708 0
2027347 0
1631188 0
1752132 1
750735 1
295530 0
669637 0
701268 0
524286 1
1102008 0
433658 1
814721 1
326317 0
1656270 1
4131823 1
519042 1
325180 0
1362423 1
1158763 1
174412 1
239217 1
2143897 0
969849 1
351430 0
1446434 0
1091633 1
493334 0
1046894 1
2029799 0
551097 1
652304 1
117576 0
1436747 0
178337 1
1285254 0
794572 0
143177 1
426675 1
1524215 0
260024 1
415802 1
1389995 0
1232456 1
790950 1
571397 1
271105 0
992919 0
1681436 0
1485226 0
132070 1
1167901 0
760315 0
947413 0
294062 1
749749 1
475606 1
247818 1
757537 1
419547 1
309693 0
307473 1
605147 1
1270586 1
1088106 1
824426 0
443503 1
1977719 0
459855 0
1172293 0
384073 1
147620 1
290475 0
1614713 1
438667 1
645360 1
1035809 0
468843 1
945211 0
3692009 0
939068 1
1562240 0
1522811 0
332963 1
83218 1
666321 1
418045 1
103907 0
153458 1
1189515 1
1261767 0
2632037 0
332222 0
587592 0
1009060 0
967141 0
193409 1
247818 0
668703 0
659485 0
664459 1
1135616 1
1600646 0
444558 0
306301 1
545461 0
530925 1
505953 1
542227 0
411771 0
1740768 1
2156102 0
1077159 1
116751 1
136918 0
400957 1
1157694 1
424811 0
1742694 1
774073 0
74526 0
372548 0
716360 0
1104379 0
1079321 0
601232 1
969128 1
465001 1
1165979 0
888200 1
788536 0
1134786 1
80901 0
687926 0
1186081 0
113094 1
2902839 1
118855 1
579339 0
285310 1
2684203 0
702696 0
367183 1
210557 0
767197 0
936557 1
677154 1
1879686 1
975634 1
475076 0
262581 1
847796 0
990782 0
709180 0
470945 1
1263887 1
706717 1
