60221 1
55560 1
61076 1
83176 1
85866 1
72590 1
127170 1
124729 1
291598 1
247015 1
76712 1
65902 1
362984 0
66986 0
140243 1
138439 1
46179 1
101962 1
208976 1
108881 0
191402 1
230667 0
87595 1
55485 1
141267 0
92075 0
160588 1
177508 1
136286 1
161129 0
53407 1
262181 0
93718 1
176385 0
144798 1
115127 1
199797 1
145695 1
55363 1
41771 1
68848 1
73005 1
91730 1
156083 0
61363 1
68762 1
133423 1
71447 1
70879 1
63088 0
350256 1
44019 0
61076 1
73750 1
77756 0
130139 0
70835 0
198376 1
54152 0
98630 1
173030 1
46736 1
102025 1
65708 1
83475 1
81795 1
101574 1
192156 1
107215 1
43387 1
105896 1
76836 1
106109 1
182992 0
37091 0
54620 1
53975 1
48462 0
73949 1
94583 1
65916 1
44476 1
163460 1
172752 1
80023 1
44987 1
28062 1
172019 1
98659 1
58469 1
105288 1
149161 0
74508 0
68097 0
99419 1
51142 1
112337 1
134293 1
42974 1
138971 1
50597 0
87805 1
72795 1
75385 1
159661 1
45797 1
101951 1
298885 1
94531 1
20338 1
152818 1
218483 0
143283 1
77068 1
122760 1
264559 1
50339 1
63919 0
165567 0
67964 0
88942 0
50376 1
66757 1
61006 1
145694 1
38730 1
175531 1
146363 0
61448 0
66811 1
128271 0
46392 1
61898 0
58484 1
207448 1
127541 1
87805 0
143283 1
118773 0
99462 1
233503 1
58281 1
63824 1
50362 0
81779 0
72758 0
58573 1
231275 0
201298 0
112669 1
29886 1
166313 1
89094 1
65818 0
104532 1
121074 1
67106 1
63144 1
27363 1
71193 1
51686 1
49361 1
79297 0
45135 1
101698 1
83879 1
120267 0
106811 1
121229 0
89104 0
108264 1
176814 1
45836 1
78230 1
62568 1
76751 1
60596 1
107803 0
65944 1
134571 0
37822 1
135629 1
95927 0
30519 1
336455 0
203836 1
58567 1
156246 1
117774 1
109344 0
213723 0
159990 1
119650 0
147911 0
157417 0
148166 1
113708 1
50402 1
53697 0
80126 1
98478 1
122361 0
38925 1
304761 0
132267 0
23342 1
106931 0
90469 1
249426 0
263435 1
76302 1
44672 0
61510 0
153822 0
201046 0
65994 1
250176 1
142679 1
136043 1
74663 1
239592 1
152539 1
93746 0
145099 1
53242 1
49552 1
89072 0
100288 1
117907 1
75095 1
105700 1
37178 1
130544 1
54097 0
45603 1
146660 0
132887 1
80008 1
60615 0
217648 1
86624 0
87559 0
61731 0
126123 1
77492 0
52542 0
74637 1
116330 0
199634 0
95481 1
49552 1
85603 1
138840 0
102235 0
57890 1
96781 0
34689 1
27037 1
39044 1
349276 0
73936 0
114519 0
101904 1
95481 1
61653 0
66431 1
44844 0
63809 1
289726 0
108945 1
83600 1
46193 1
115085 0
68028 1
104193 1
189978 0
45253 1
115588 1
31534 1
101945 0
89085 1
289767 0
377423 0
79557 0
88403 1
90886 1
610845 1
94881 1
163360 1
51027 1
75844 1
55135 1
180508 0
77621 1
78777 1
57309 0
123848 1
101158 1
132685 0
118206 1
85603 1
75738 1
56485 1
146775 1
263435 1
88548 0
111939 1
70464 0
152539 1
159219 1
177391 1
142499 1
87227 0
59311 0
148289 1
113565 1
102969 1
56983 0
102386 1
164420 0
489986 1
128876 0
32028 1
31465 1
82144 1
95509 1
130609 0
61983 1
127158 0
82653 1
62151 1
24484 1
61602 0
178134 0
90755 1
63971 1
93680 1
131467 1
49089 1
42160 1
134041 1
115004 0
48976 1
110972 1
121858 1
139894 1
161093 1
196331 1
117461 1
102340 1
188902 1
103376 1
76853 0
127361 1
107888 0
51635 1
114359 0
42890 1
39349 1
210654 0
75297 1
44559 0
103207 0
197654 1
198148 0
129959 0
95651 0
178011 0
149142 0
55815 1
95403 1
152598 0
110645 1
115047 0
147182 0
154722 1
122813 1
242954 0
102787 1
180518 1
120510 0
66380 0
87673 0
91014 1
130982 0
51367 1
205263 0
92426 1
127650 1
118394 0
52425 1
95858 0
117239 0
153481 1
133345 0
168536 1
302058 0
152936 1
119736 0
318581 0
94018 1
44682 1
57346 1
80654 1
71949 1
70732 0
59040 1
58600 1
50436 1
125906 1
131585 1
193964 0
180119 0
339202 0
59516 1
83348 1
72954 1
127733 0
72551 0
63348 0
196060 0
75082 1
48191 0
95031 0
134427 1
94846 0
130310 1
69342 1
32830 1
114671 0
68298 1
146673 1
102727 0
198985 0
127877 1
233904 1
46666 1
34112 1
191706 1
59383 0
195994 1
251155 0
187088 0
85863 0
66857 1
110864 1
121883 1
79822 1
98293 1
146421 0
155102 0
198519 1
80165 1
274261 1
165650 1
65779 0
46469 1
54439 1
188408 0
155322 0
133521 0
231164 0
180043 0
112015 1
110715 1
196688 0
95962 0
304930 0
84726 0
74751 1
48833 1
73279 0
143491 1
84396 0
233904 1
41673 1
90538 1
82700 0
153922 0
122595 0
58657 0
28709 0
211726 0
94277 0
110420 0
86377 1
101133 0
160272 1
33229 0
142469 1
284813 1
159211 0
175971 1
169613 1
287653 1
132766 1
60427 1
180098 1
236292 1
93918 0
63877 0
164410 1
93071 0
108906 0
56208 1
99342 1
154083 0
124979 0
175717 0
33473 1
156958 0
105487 1
327670 0
131739 0
44327 1
62412 0
160876 1
172741 0
227679 0
124310 0
115032 0
193335 0
172464 0
45915 1
163938 0
40590 1
92148 0
138626 0
42662 1
135237 1
51412 1
121611 1
174311 1
148206 0
61284 0
177835 0
244541 1
216604 0
105922 1
139367 0
115189 1
82610 1
73438 0
46537 1
545659 0
48186 1
287232 1
204076 0
127016 0
186232 1
90978 0
228918 0
41804 1
90487 0
182019 1
88640 1
152575 1
68658 0
83812 0
73741 0
43893 1
69279 1
102908 0
231652 0
58986 0
90748 0
102572 0
95099 0
90552 1
125564 1
83475 1
96934 0
137343 1
134496 0
117286 1
174029 0
72739 0
59176 1
76776 1
275889 0
76346 0
37669 0
112714 1
170226 1
92385 1
132626 1
131433 1
128502 0
108178 0
133925 1
261679 1
134454 0
23627 1
70752 0
109291 1
116329 0
118717 1
85686 0
78653 1
96205 1
73326 0
104379 0
121752 0
359236 0
97481 1
287715 0
283085 0
66018 0
118357 0
61707 0
217911 0
69102 0
74616 1
86007 0
310995 1
55782 1
214675 0
45492 0
300402 0
105299 1
120512 1
70606 1
140680 0
63740 0
76819 1
236872 0
72968 1
147065 0
103324 1
147742 0
115189 1
161021 0
127461 1
259491 0
90701 1
70037 1
139116 0
62695 0
133490 0
174430 0
98722 1
47822 1
180128 1
74114 1
224665 1
62552 1
131290 1
89019 0
70029 0
165918 1
81550 1
93356 1
104863 1
102839 0
79954 0
148584 0
87384 1
130168 0
155799 0
312556 1
212360 1
158793 0
27015 1
60678 1
264676 1
142160 0
63896 1
123572 0
55453 0
181568 0
53638 1
108588 0
48385 0
122726 1
91489 1
164407 1
71032 1
147154 1
109417 1
70382 0
59292 0
183786 0
121669 1
74588 0
89184 1
151817 1
78596 0
269084 1
42353 0
299778 0
349868 0
127806 0
72338 0
37669 1
70732 0
165918 1
244624 1
235977 0
77421 0
95883 1
111595 1
121388 1
122198 0
139977 0
138501 1
102617 1
290438 0
147139 1
53271 0
214389 1
115573 1
117248 0
96969 0
61357 1
97164 0
76186 1
276564 1
73932 0
28342 1
147288 1
38976 1
161119 0
455383 0
197050 0
151426 1
217091 0
271871 0
102506 1
116521 1
148465 0
81503 0
437628 0
110111 1
140405 0
116136 0
102883 1
98726 1
160504 0
83889 1
60026 0
138567 0
141561 0
206995 0
140877 0
157764 0
239562 0
245192 1
206553 1
109513 1
70765 0
262590 0
158098 1
104198 0
62380 0
120400 1
91542 1
54810 0
174484 1
284777 1
86792 1
61565 0
169516 1
170888 0
46991 1
93325 1
136648 0
97184 1
91367 0
202417 0
215360 0
138769 0
149867 1
84752 1
133864 1
193288 1
29771 0
370033 0
81769 0
87864 0
202700 0
72125 0
101950 0
246759 0
73301 1
95171 1
160131 0
242574 1
179981 1
172395 1
55741 0
104395 0
276440 0
186539 0
42788 0
118714 0
89509 0
136804 1
104359 1
91006 0
186925 1
60087 1
138240 0
109819 1
66669 0
101687 1
70473 1
159579 0
196722 1
98687 1
96470 1
184157 0
93899 0
143321 0
85977 1
63837 1
77888 0
153493 1
132428 1
167167 1
124467 0
119039 0
137093 0
368372 0
146109 0
246556 0
220559 1
115157 1
39091 1
140578 0
109091 1
41971 0
47038 1
172294 0
232408 1
364621 0
62241 0
142455 1
196374 0
170091 0
51230 1
60087 0
102599 0
114689 1
177724 0
160057 1
106164 0
88305 0
65605 1
93800 0
77050 1
86713 1
109302 1
120262 0
464398 0
146664 0
99805 1
50791 1
66367 0
76973 1
97493 0
124587 0
163334 1
90869 1
38000 0
70568 0
171469 1
99551 0
160057 0
157376 1
215632 0
160282 0
342162 0
269988 1
152623 1
74472 1
34049 0
159092 0
77366 1
58280 1
188147 1
69156 1
86741 0
128338 1
536996 0
80976 0
104794 1
68145 0
104813 0
40895 0
121844 0
220745 0
81701 0
88780 0
63627 1
149149 0
77276 0
156787 0
98459 0
147796 0
271975 1
