59530 1
46982 1
49962 1
55897 1
69060 1
42562 1
261520 1
98883 1
206379 1
110005 1
64112 1
45192 1
186281 0
71339 0
243702 1
84082 1
41919 1
53343 1
150499 1
111034 1
85646 1
81835 0
98757 1
42901 1
82627 0
52107 0
161547 1
153732 1
67134 0
123910 0
54452 1
236791 0
149312 1
170448 0
80508 0
91231 1
118808 1
116538 1
37504 1
31223 1
59576 1
60292 1
97006 1
140800 0
69717 1
63383 1
123006 1
72162 1
55615 1
55902 0
355726 1
27918 0
49962 1
45248 1
78414 1
99330 0
77278 0
218613 1
52637 0
85166 1
131676 1
40597 1
58960 1
39406 1
84850 1
51172 1
72803 1
203905 1
127791 1
22490 1
82147 1
67832 1
50350 1
113605 0
32149 0
55216 1
48692 1
31902 0
95266 1
120824 1
76103 1
32738 1
112427 1
156063 1
59262 1
56240 1
40211 1
215408 1
55258 1
46232 1
84203 1
100985 0
61620 0
39143 1
106320 1
22730 1
156784 1
87057 1
38627 1
83649 1
40870 0
48541 0
72357 1
65774 1
130782 1
44101 1
87665 1
135528 1
63119 1
28925 1
73787 1
108091 0
91114 1
103458 1
158118 1
165056 0
56831 1
59361 0
240175 0
61930 1
114730 1
70012 1
60949 1
36279 1
112330 1
32766 1
326110 1
289749 0
65143 0
44770 1
96905 0
42155 1
42284 0
55705 1
90420 1
98284 1
48541 1
91114 1
92628 0
73016 1
209490 1
51730 1
53160 1
38666 0
70298 0
70529 1
64612 1
106371 1
166177 0
90530 1
52222 1
132461 1
53299 1
67717 0
105063 1
106756 1
40330 1
31799 1
27864 1
39639 1
69062 1
30973 1
110455 0
44715 1
86517 1
65013 1
126180 0
69391 1
99579 0
41739 1
90886 1
157885 0
46846 1
61511 1
45823 1
62109 1
60093 1
77154 0
48730 1
137740 1
28321 1
92654 1
72583 0
24049 1
288400 1
222010 1
79759 0
113497 1
66219 1
70406 1
397762 0
95787 0
117813 0
113881 0
144455 0
148102 0
65074 1
35298 1
44042 0
56250 1
64240 1
163913 0
39864 1
309596 0
130011 0
16990 1
93162 0
72477 1
106678 0
243124 1
70691 1
32980 0
42589 0
221701 0
171833 0
57299 1
145382 1
119702 1
118573 1
68248 1
154326 1
134588 1
96914 0
130978 1
35064 1
38148 1
119716 0
95606 1
96814 1
86466 0
95176 1
31382 1
128061 0
78615 0
43201 1
130074 0
95545 1
80211 0
62727 1
302600 1
90744 0
61040 1
49045 0
53999 1
93644 0
32015 0
89905 1
155033 0
156933 0
105352 1
38148 1
67121 1
134550 1
103657 0
77202 1
161405 0
46899 1
26997 1
87264 1
298514 0
46894 0
83765 0
71254 0
105352 1
68374 0
47787 1
82410 0
61490 1
252529 1
79373 1
112063 1
39802 1
108104 0
57172 1
62055 1
146596 0
50414 1
63468 1
30621 1
118213 0
82386 1
116801 0
308085 0
103571 0
61515 1
105011 1
318370 1
50451 1
106329 1
41443 1
52987 0
54060 1
306554 0
69890 1
58443 1
47609 0
147961 1
143368 0
90594 0
97534 1
67121 1
63923 1
36469 1
88347 1
243124 1
51106 0
108112 1
53195 1
134588 1
93734 1
157541 0
148624 1
85342 0
49768 0
129551 1
73209 0
94090 1
129264 1
66816 0
72692 0
230273 1
122772 0
34323 1
28731 1
65076 1
75580 1
191889 0
54370 1
87111 1
64107 1
37568 1
19204 1
48076 0
166331 0
58581 1
37278 1
63329 1
175362 0
84189 1
44346 1
107552 0
83960 0
122124 1
59206 0
136089 1
70710 1
195452 0
98845 1
62872 1
128706 1
198208 1
114969 1
72370 0
161223 1
71763 1
49162 1
69307 0
22701 1
37839 1
161024 0
60347 1
34755 0
93494 0
163305 0
98363 0
141264 0
68098 0
193787 0
90636 0
60785 0
89735 1
183743 1
94561 1
46325 0
270679 0
145980 0
117830 1
140590 1
106461 1
138001 1
73483 0
49378 0
63554 1
103996 0
63073 0
32623 1
258153 0
87791 1
96676 1
112470 0
53281 0
72482 0
133404 0
143564 1
145599 0
121618 1
163629 0
134312 1
80299 0
133065 0
113758 1
44590 1
63066 1
52135 1
54732 1
44143 0
60393 1
92706 1
78012 1
77911 1
177034 1
124302 0
165253 0
115247 0
46409 1
66500 1
72750 1
165812 1
49514 0
71366 0
155094 0
74154 1
36503 0
70252 0
90652 1
102380 0
107123 1
60747 1
45360 1
104011 0
59207 1
117161 1
64830 0
250313 0
83211 1
268471 0
49832 1
30316 1
71948 1
59944 0
180672 1
141280 0
77541 1
67981 0
97200 1
54771 1
87734 1
83627 1
37790 1
83168 0
113482 1
108638 0
45902 1
153781 0
89343 1
65463 0
47778 0
44717 1
123651 0
140514 1
121020 0
107635 1
197413 1
65906 1
83696 1
149368 0
182800 0
108251 0
149100 0
106509 0
26648 1
63640 0
98613 1
87621 0
268471 0
36476 1
93247 1
131277 0
155631 0
81195 1
54780 0
25458 0
96607 1
119570 0
117547 0
53864 1
60161 0
98977 1
25782 0
132352 1
146400 1
130164 0
110398 1
144791 1
296756 1
190273 1
53402 1
117380 1
194582 1
65462 0
52129 0
135225 0
66350 0
108001 0
43900 1
95425 1
266455 0
116390 0
290897 0
32054 1
175742 0
62623 1
236134 1
81175 0
41884 1
46491 0
78954 1
178723 0
159926 1
136846 1
103169 0
132566 0
134076 0
51216 1
122465 0
32585 1
54755 0
166095 0
33066 1
50558 1
41918 1
94183 1
211140 0
116727 1
37140 0
226780 0
183505 1
155904 0
87909 1
139321 0
85067 0
60727 1
88537 0
40245 1
271263 0
73592 1
184064 1
167481 0
119011 0
183322 1
61598 0
168938 1
75010 1
77749 0
137414 1
62267 1
94104 1
71125 0
78120 0
89110 0
35583 1
33516 1
72891 0
151907 0
43134 1
155602 0
77025 0
54892 0
50159 1
116984 1
72146 1
85261 0
74614 1
91422 0
127894 1
166131 0
132665 0
44393 1
36204 1
187795 0
68861 0
29122 0
98587 1
157550 1
86889 1
80832 1
63439 1
83850 0
101235 0
111473 1
192813 1
99187 0
18246 1
69576 0
26313 1
487110 0
101042 1
88147 1
60075 1
78249 1
67280 0
88334 0
97435 0
225519 0
57573 1
147364 0
237089 0
37244 0
97613 0
71011 0
115972 1
71147 0
73788 1
62723 0
263831 1
39341 1
94336 0
51695 0
132632 0
84071 1
158429 1
48727 1
126405 1
66825 0
76571 1
233833 0
93477 1
157060 0
93039 1
96752 0
85067 0
89479 0
67905 1
208650 1
90312 1
82067 1
79515 1
61935 0
102805 0
165306 1
81618 1
39990 1
130428 1
120300 1
141312 0
53522 1
82350 0
97273 1
49954 0
71196 0
73468 1
76595 1
138743 1
83385 1
49504 0
88730 0
87273 1
81276 0
188921 0
226078 1
157580 1
138500 0
31899 0
53056 1
249914 1
183750 0
56221 1
71891 0
55501 0
214326 0
82075 1
79104 0
86004 1
139161 1
59997 1
81514 1
122854 0
99448 0
106295 1
139032 0
50900 0
248820 1
73474 0
80980 1
88302 1
184474 1
114026 0
211451 1
86582 0
291591 0
152494 0
132945 0
63706 0
29122 1
44143 0
71196 0
275612 1
218342 1
75909 0
86015 1
97032 1
58319 1
94274 0
144650 0
131466 1
47964 1
68238 0
174328 1
46987 0
159346 1
77515 1
92283 1
111400 0
74133 1
117434 0
66752 1
167021 0
58816 0
26769 1
111364 0
25520 1
229567 0
217809 0
147983 0
94393 1
130927 0
193381 0
71914 1
113411 1
164215 0
60036 0
392603 0
99743 1
130237 0
120089 0
53446 1
69306 1
111061 1
61926 1
39623 0
105410 0
139635 1
259278 0
151467 0
96240 0
208510 0
225266 1
106697 1
83729 1
73913 0
192209 0
92451 1
107558 0
72272 0
72775 1
88584 1
45531 0
105518 0
173795 1
68609 0
52345 0
160221 0
217512 0
32717 1
53344 1
109764 0
88618 1
98549 0
142907 0
189705 1
76495 0
136315 1
161754 0
97014 1
89513 1
22868 0
357494 0
62019 0
73291 0
98928 0
46504 0
95883 0
112692 0
65164 1
55137 1
197919 0
220606 1
73980 1
123406 0
62368 0
156466 0
215874 0
218627 0
29638 1
145824 0
102143 0
125841 0
105725 1
81461 0
205851 1
50063 1
83339 0
103957 1
55911 0
106784 1
94447 1
167194 1
199809 0
73107 1
138075 0
215588 0
81219 0
151238 0
224175 1
40165 1
73009 0
139774 0
75172 0
112009 0
145995 0
48152 0
157918 0
266105 0
115844 1
135869 0
151820 0
151004 1
53851 1
149822 0
75397 1
33764 0
40321 1
143433 0
141403 1
221345 0
76483 0
90042 1
149630 0
211622 1
56983 1
50063 0
99513 0
73891 0
95924 1
103960 1
99395 0
134186 0
80385 1
96159 0
80533 1
78070 1
101757 1
76290 0
314618 0
117793 0
117002 1
42216 1
44663 0
80550 1
82494 0
134758 0
302008 1
57691 1
29887 0
112781 0
144869 1
60597 0
152441 0
104051 0
183455 1
147479 0
249337 0
103320 1
113228 0
51991 1
23914 0
155182 0
124237 1
46404 1
134255 1
50513 1
76824 0
66937 1
310226 1
70338 0
71570 1
44504 1
164275 0
35830 0
114953 0
230552 0
67950 0
157626 0
95733 1
143542 0
62393 0
103888 0
63893 1
105459 0
123243 1
