53225 1
40739 1
51993 1
129239 1
79620 1
55611 1
104025 1
136760 1
173237 1
122940 1
79745 1
52847 1
237138 0
60842 1
107265 1
106002 1
43864 1
92644 1
199253 1
67483 0
101568 1
112567 0
103984 1
53796 1
53192 0
69419 0
150349 1
69083 1
89943 1
168030 0
48052 1
233715 0
102570 1
127312 0
102981 1
84421 1
165653 1
149273 0
54824 1
32230 1
92459 1
107028 1
96541 1
195478 0
50526 1
59756 1
146225 1
75131 1
74443 1
72609 0
340708 0
33301 0
51993 1
66274 1
66541 0
113203 0
132247 0
287287 0
84584 1
66446 1
165828 1
50918 1
78643 1
46812 1
101759 1
136785 1
147757 1
175191 1
110938 1
40833 1
79967 0
83808 1
108521 1
152402 0
32277 0
58405 1
66746 1
42269 0
58817 1
219736 1
82747 1
40256 1
118770 1
160378 1
75139 1
47356 1
28084 1
212556 1
115506 1
71799 1
104969 1
80106 1
91932 0
53358 0
99308 1
57902 1
135565 1
79357 1
45296 1
109891 1
49001 0
100847 1
83643 1
94977 1
206012 1
37504 1
65597 1
322264 1
129752 1
29221 1
142430 1
166857 0
88021 1
80770 1
246989 1
167301 0
61074 1
71356 0
179168 0
71218 0
85968 0
119248 1
40995 1
37574 1
98474 1
28041 1
193635 1
220797 0
65567 0
62925 1
175645 0
58736 1
59893 0
70215 1
121649 1
83869 1
100847 0
88021 1
215591 0
78824 1
478113 1
129779 0
85614 1
23135 0
68058 0
45930 0
67073 1
90102 0
162120 0
74615 1
55126 1
187594 0
105213 1
89743 0
113422 1
148423 1
33929 1
53571 1
20179 1
64985 1
50970 1
50993 1
120377 0
64528 1
81139 1
110753 1
100645 0
98274 1
113797 0
89155 1
107319 1
90412 1
55405 1
71417 1
62220 1
62989 1
72604 1
60497 0
68226 1
108112 1
36681 1
134820 1
71524 0
95222 1
377966 1
197248 1
55183 0
112598 1
113546 1
64777 0
180311 0
150919 0
120388 0
137361 0
177236 1
138225 1
58932 1
36020 1
70522 1
69254 1
59670 1
137794 1
32633 1
362299 0
202325 0
21053 1
99884 0
48513 1
161581 0
146959 1
80513 1
31334 0
46484 0
186072 0
235650 0
48786 1
248817 1
115787 1
101719 1
139209 1
64232 1
149733 0
142259 0
91139 1
67892 1
49560 1
109107 0
142128 1
100432 1
81430 1
96582 1
33863 1
129557 0
84119 0
68692 1
152696 0
124104 1
78346 1
63612 1
242304 1
73994 0
70823 0
62921 0
72062 1
94557 0
72246 0
86486 1
112239 0
135561 0
101209 1
49560 1
79073 1
198191 1
85742 0
78483 1
118431 0
25226 1
26361 1
40339 1
382567 0
100533 1
77643 0
88031 1
101209 1
69486 0
95378 1
86052 0
53197 1
239577 1
71620 1
82249 1
44650 1
126626 0
57597 1
82529 1
167045 1
37784 1
72341 1
31497 1
266556 1
96933 1
620053 0
750033 0
102969 0
63447 1
133520 0
168069 1
76667 1
198267 1
49306 1
56172 1
38683 1
350918 0
101146 1
93130 1
40794 0
298526 0
160687 1
93917 0
78018 1
79073 1
68238 1
47093 0
108625 1
146959 1
38567 0
146482 1
48800 0
149733 0
84489 1
165479 0
99956 0
92120 1
41332 0
317595 1
91816 0
97974 1
84735 1
89732 0
89871 0
237178 1
168618 1
32531 1
23479 1
69330 1
72360 1
160242 0
68849 1
51508 1
61899 1
59565 1
41182 1
54344 0
223093 0
60888 1
59874 1
56486 1
82756 1
91364 1
36514 1
91224 1
108370 0
59997 1
110786 0
155442 1
99149 1
100965 1
206128 0
123190 1
112030 1
209852 1
84143 1
106419 0
90306 1
39740 0
51189 1
70074 0
22235 1
31196 1
209981 0
50947 1
35193 0
44560 0
183418 1
186293 0
167515 0
38999 1
228260 0
92220 0
54166 0
88351 1
201196 0
58807 1
80834 0
215627 0
94149 1
112545 1
199669 1
286935 1
153088 1
61693 1
81470 0
90877 1
65861 1
150884 0
20953 1
300947 0
78540 1
136866 1
107073 0
80480 1
97030 0
132875 0
137909 1
168412 0
166684 1
278080 0
148863 1
138386 0
211542 0
93004 1
44282 1
56206 1
50908 1
56703 1
37505 0
70390 1
116580 1
197213 1
82993 1
113880 1
120391 0
167838 0
166104 0
48672 1
66024 1
123608 1
156632 0
320861 0
55181 0
145581 0
97906 1
51796 0
83369 0
137012 1
114823 0
123779 1
176661 1
26145 1
121860 0
69965 1
145003 1
61267 0
287117 0
99595 1
166671 0
50252 1
31476 1
192744 1
70192 0
195681 1
257375 0
79564 1
66261 0
122425 1
106187 1
90883 1
144127 0
85006 1
174264 0
113384 0
106629 0
77733 1
411761 0
114817 1
57468 0
49147 0
54678 1
323105 1
165756 0
155842 0
99791 0
226260 0
103807 1
99518 1
174669 0
70879 0
180493 0
69917 0
113245 1
34076 1
67315 0
271563 1
107706 0
166671 0
31802 1
72155 1
116610 0
171275 0
98343 0
102227 0
31413 0
162493 0
142609 0
117004 0
68509 1
125689 0
149412 1
33031 0
187124 1
138860 0
161833 0
241466 1
178390 1
301810 1
253082 1
25832 1
149359 1
187687 1
66124 0
60000 0
167038 0
61675 0
107366 0
58565 1
107104 1
194880 0
143914 0
381437 0
33074 1
250600 0
67112 1
252178 1
117089 1
38952 1
53299 0
99761 1
177486 0
274707 1
118767 1
128295 0
176843 0
159994 0
35926 1
112916 0
25944 0
86793 0
170051 0
30646 1
49419 0
37685 1
138393 1
152998 0
87858 1
50478 0
154510 0
86855 0
171751 0
101537 1
107717 0
122220 0
66709 1
61057 1
38377 1
545528 0
55207 1
153828 0
106591 0
167117 0
170524 1
78998 0
184705 0
38166 1
88975 0
172414 1
69039 1
142373 1
86393 0
67403 0
59820 0
44839 1
43638 1
107280 0
224105 0
77904 1
94084 0
86185 0
91929 0
55703 1
87467 1
58079 1
79219 0
99406 0
137618 1
123611 1
151487 0
85045 0
55534 1
77317 1
392159 0
85085 0
31373 0
94938 1
144501 1
98574 0
144399 0
76711 1
91720 0
105316 0
70998 1
258777 1
108559 0
21675 1
54997 0
59024 1
203873 0
149721 1
74884 1
44732 1
76819 1
62337 0
101920 1
135181 1
209136 0
110531 1
157723 0
253770 0
58827 0
171564 0
67152 0
195520 0
58434 0
87286 0
80811 0
237450 1
47873 1
140158 0
47446 0
376292 0
195402 0
223840 0
101068 1
113483 0
75166 0
94401 1
274754 0
103977 1
133721 1
107709 1
142265 0
122220 0
161160 0
58896 1
374670 1
72906 1
106941 1
167749 1
51817 0
100031 0
316314 0
125383 0
53278 1
116680 1
82595 1
131440 1
94379 0
135788 1
79898 0
49204 0
97949 0
44277 1
59943 0
88401 1
166268 0
54953 0
79278 0
86186 1
97467 0
182274 0
240484 0
148934 1
138449 1
21935 1
50914 1
231523 1
126244 0
53650 1
88656 0
48330 0
124050 0
74740 1
71147 1
83074 0
123096 1
100685 1
88942 1
127930 1
98171 1
158715 0
105868 0
62693 0
165713 0
64989 1
56264 0
79750 1
142622 1
187602 0
227865 1
56301 1
323712 0
257171 0
104178 0
118049 0
31373 1
37505 0
97949 0
202505 1
360327 1
93085 0
131041 1
95541 1
67196 1
77479 0
193642 0
245066 1
74302 1
143524 0
95021 1
61802 0
162116 1
121766 1
101733 1
105112 0
106697 1
105240 0
58659 1
137862 1
47603 0
43182 1
85271 0
37422 1
142761 0
494952 0
176034 0
115123 1
180978 0
183015 0
107132 1
105022 1
152656 0
68644 0
375714 0
140295 0
131063 0
79272 0
125596 1
77863 1
182587 0
54047 1
62808 0
78355 0
110985 0
331640 0
122364 0
166874 0
283585 1
142884 1
158934 1
66983 1
58645 0
242721 0
111848 1
114202 1
94626 0
49389 1
79897 1
56872 0
219558 1
248929 1
73956 1
58565 0
404793 1
215577 0
51798 1
54199 1
157318 0
139591 1
99533 0
181739 0
71869 0
123916 0
236821 1
90702 1
107984 1
88926 1
27460 0
391215 1
73428 0
155176 0
262958 1
30104 0
134851 1
153770 0
73177 1
68547 1
103129 0
240688 1
207454 1
193657 1
60186 0
100476 0
180452 0
189423 1
32048 0
181351 0
197141 1
164799 1
84288 1
83877 0
170065 1
82895 0
90282 0
92303 1
88353 0
118644 1
93480 1
115981 1
170129 1
90447 1
185804 1
160579 0
92775 0
115894 0
54723 1
43372 1
60499 0
126136 0
85562 1
140649 1
151219 0
149410 0
143252 0
251943 0
170674 1
183222 0
389879 0
194866 1
43321 1
186951 0
85886 1
39886 0
42146 1
92089 0
86364 1
356876 0
52711 0
126413 1
183309 0
235733 1
63738 1
82895 0
241328 1
53373 0
124194 1
158950 1
112959 0
103256 0
115389 0
88914 0
77574 1
80711 1
114685 1
92805 0
453653 0
200240 0
98833 1
43330 1
65543 0
57707 1
68039 0
145788 1
160743 1
88043 1
26306 0
127335 0
239422 0
107274 0
165641 0
118447 0
216399 1
110431 0
272053 0
145324 1
201775 1
105253 1
35717 0
210076 0
171377 0
69486 1
243540 0
41767 1
84822 0
101021 1
701937 1
65907 0
65720 1
73160 0
136041 1
48912 0
140757 0
212719 0
98134 0
90569 0
69970 1
252738 0
91048 0
218863 0
75671 1
150287 0
164240 1
