60568 1
57542 1
62144 1
94339 1
110971 1
54510 1
106459 1
129580 1
196901 1
86586 1
55452 1
66822 1
201914 0
63514 0
127063 1
105788 1
41108 1
88968 1
320640 0
143703 0
167108 1
201926 0
88143 1
80239 1
191633 0
73465 0
108007 1
137044 0
103088 1
191380 0
50747 1
140430 1
112274 1
192294 0
147137 1
106483 1
101725 1
121205 1
52144 1
35026 1
35905 1
101430 1
72367 1
214656 0
47602 1
74149 1
203519 1
80730 1
69230 1
79929 0
322561 0
33004 0
62144 1
58043 1
53888 0
125747 0
112442 0
104240 0
32116 1
58199 1
100834 1
51719 1
75115 1
54446 1
113065 1
72581 1
122028 1
254977 1
94275 1
28633 1
119539 1
68540 1
67182 1
134896 1
37303 0
54867 1
55800 1
47405 0
71166 1
104305 1
75544 1
41671 1
98424 1
156938 1
71503 1
57343 1
28171 1
244067 1
107379 1
60503 0
114293 1
139728 1
68574 0
35149 0
92827 1
57435 1
143728 1
261652 1
42298 1
88382 1
44729 0
57773 0
72704 1
90974 1
233654 1
46790 1
72593 1
225127 1
89900 1
23734 1
175055 1
121643 0
97644 1
83686 1
94286 1
214226 1
66950 1
68355 0
249488 0
69366 1
81374 0
80697 1
44989 1
38132 1
204116 1
38699 1
163413 1
236956 0
60109 0
69572 1
128535 0
64110 1
62621 0
61771 1
142270 1
83163 1
57773 1
97644 1
198639 0
122568 1
353160 0
53945 1
59918 1
23075 0
58686 0
59640 1
79531 1
158163 0
240002 0
66569 1
48578 1
180046 1
109865 1
84527 0
99289 1
97739 1
36791 1
65678 1
25701 1
45883 1
56354 1
45975 1
97575 0
56715 1
69289 1
83372 1
107722 0
115037 1
72754 0
99340 0
96102 1
134632 1
49849 1
80879 1
48811 1
64650 1
65484 1
95498 0
58731 1
125503 0
29379 1
66595 1
72447 0
86975 1
232922 1
177163 1
56427 1
112465 1
111528 1
69132 0
90426 0
164098 0
107539 0
134394 0
143554 0
163395 0
61565 1
36787 1
71480 1
73895 1
101262 1
197876 1
33667 1
422154 1
176216 0
20872 1
91182 0
59293 1
186015 0
176336 1
72692 1
48698 0
47210 0
224186 0
151030 0
47777 1
373419 0
92714 1
144388 1
95778 1
338483 1
119537 0
100009 0
259548 1
40122 1
41151 1
99034 0
152594 1
137120 1
60483 1
110389 1
33642 1
142331 0
59690 0
33147 1
181038 0
236838 0
78970 1
65730 1
162583 1
76163 0
78163 0
61497 0
61742 1
57925 0
43363 0
89847 1
181240 0
129016 0
106854 1
41151 1
99131 1
151853 1
104408 0
90588 1
101954 0
25052 1
44383 1
38298 1
347505 0
87343 0
98627 0
99619 1
106854 1
58932 0
68922 1
77581 0
85534 1
306775 1
68363 1
73789 1
51686 1
115115 0
64285 1
84931 1
199535 0
39407 1
129335 1
23440 1
175322 0
157734 1
261547 0
380943 0
83645 0
77637 1
169267 0
189647 0
72062 1
153527 1
56205 1
63478 1
51907 1
379590 0
71689 1
66629 1
45952 0
289346 1
103937 1
105346 0
92744 1
99131 1
87126 1
47439 0
121631 1
176336 1
38515 0
148719 1
47689 1
119537 0
163771 1
215222 1
111689 0
117314 1
59593 0
160296 1
79923 1
106527 1
110003 0
167659 1
82786 1
117374 1
109677 0
29112 1
24159 1
56920 1
67952 1
187289 0
62357 1
79531 1
102406 1
55078 1
26065 1
53721 0
184134 0
61818 1
45612 1
76670 1
91217 1
47786 1
39125 1
161473 0
138806 0
53491 1
125050 0
199994 1
82606 1
115928 1
149702 1
227713 1
145001 1
87815 1
85852 1
121516 1
82913 1
42276 0
48821 1
197447 0
22854 1
30686 1
148683 0
61460 1
36198 0
43103 0
159281 1
177972 0
184049 0
39156 1
307358 0
80799 0
56964 0
86636 1
128951 0
82872 1
95611 0
281302 0
93083 1
168739 1
201450 0
114845 1
124213 1
127349 1
52485 0
75429 0
73162 0
92961 0
42637 1
201231 0
83781 1
143078 1
110707 0
61419 1
70420 0
103202 0
163848 1
143558 0
139010 1
285397 1
130125 1
130831 0
225055 0
93579 1
32905 1
91006 1
47637 1
75016 1
37577 0
66237 1
63002 1
52171 1
114003 1
175554 1
209213 0
160976 0
171834 0
40584 1
61141 1
75295 1
146523 0
209719 1
59061 0
161832 0
95031 1
49745 0
94744 0
114673 1
97012 0
104045 1
58099 1
26427 1
107132 1
75038 1
172969 0
82276 0
161651 0
126164 1
146802 1
60678 1
33155 1
68343 1
81941 0
354840 1
278850 0
76162 1
66766 0
65532 1
70953 1
89246 1
92812 1
60569 1
170976 0
91459 1
112703 0
55942 1
161102 0
147525 1
58995 0
48423 0
57030 1
263610 0
181348 0
217478 0
122726 0
224304 0
74824 1
82483 1
245458 0
77424 0
164107 1
82922 0
79324 1
34731 1
57415 0
129793 1
75969 0
146802 1
29677 1
72363 1
75216 0
115259 0
95656 0
76885 0
28416 0
170532 0
126379 0
108927 0
73718 1
68599 0
116586 1
32997 0
110205 1
275719 1
160764 0
216349 1
211413 1
366263 1
130557 1
22499 1
124485 1
234963 1
72266 0
72613 0
121370 1
95818 0
149925 0
40815 1
86865 1
223772 0
123652 0
583104 0
33176 1
226249 0
93805 1
153187 0
156382 1
38203 1
51092 0
90628 0
141656 0
192955 1
138359 1
113739 0
162856 0
140939 0
37774 1
216778 0
26271 0
84040 0
124044 0
30583 1
71353 0
43698 1
117416 1
189096 0
119469 0
54694 0
154660 0
156500 0
150064 1
92486 1
96699 1
77304 0
67771 1
106680 0
40153 1
706317 0
63536 1
251433 1
71080 0
164651 0
191897 1
93815 0
227866 1
35123 1
85598 0
169514 1
90947 1
119645 1
73734 0
73409 0
58591 0
49765 1
52744 1
88865 0
192775 0
76089 0
105409 0
148533 0
55795 1
63156 1
122510 1
82380 1
105161 0
92411 1
131116 1
152436 1
123653 0
67422 0
53975 1
62996 1
179126 0
93850 0
32540 0
109143 1
128323 1
133524 1
101638 1
74029 1
104837 0
92864 0
93606 1
129786 1
103013 0
21005 1
60679 0
59557 1
336474 1
64808 0
57968 1
45150 1
78463 0
85458 0
95263 0
142284 0
246989 0
93601 1
202255 0
205090 0
55062 0
120308 0
57845 0
133951 1
67404 0
65520 1
80418 0
311214 1
46888 1
148009 0
46678 0
274366 0
261580 0
160950 0
63469 1
168434 0
53034 0
92882 1
237365 0
146775 1
116422 1
114243 1
160773 0
77304 0
103768 0
52846 1
246514 1
58354 1
100271 1
133382 0
43519 0
156230 0
192108 1
93823 1
51431 1
327497 1
109506 1
128077 1
91628 1
158980 1
66811 0
61140 0
102770 0
68441 1
56713 1
91689 1
110679 1
46114 0
119492 0
78780 1
143265 0
49181 0
230789 1
144154 1
117095 1
21983 1
56434 1
143282 1
133856 0
60342 1
101763 0
69377 0
148698 0
66136 1
108736 1
40862 0
68992 1
136689 1
113487 1
117921 0
107690 1
106026 1
78054 0
49376 0
187496 1
82164 1
94194 1
115832 1
138793 1
90681 0
210711 1
81899 1
327967 0
283150 0
113732 0
107967 0
32540 1
37577 0
102770 0
186951 1
366156 0
120634 0
57518 1
108619 1
59248 1
113129 0
242576 0
141440 1
77821 1
176565 0
105184 1
47085 0
141334 1
118375 1
86006 1
132842 0
88686 1
77527 0
72710 1
265904 0
66756 0
27461 1
60145 0
39165 1
112465 0
606651 0
192524 0
76158 1
175878 0
205575 0
68783 0
82449 1
131137 0
85881 0
409484 0
151116 1
156201 0
62204 1
60817 1
65124 1
240710 0
55584 1
50282 0
82969 0
109883 0
212201 1
146986 0
95057 0
287757 0
217069 1
175555 1
72298 1
55616 0
213656 0
198559 0
62978 0
72538 0
53400 1
71645 1
52798 0
252776 1
258644 1
78539 1
86874 0
137733 1
201275 0
52936 1
94954 1
142031 0
146631 1
107792 0
158091 0
141932 0
134037 0
112288 1
99361 1
106822 1
116382 1
27742 0
449899 0
97801 0
154668 0
233465 1
46268 0
67287 0
173487 0
91356 1
67366 1
177849 0
257252 0
181759 0
125108 0
42889 0
91234 0
129729 0
193831 1
32062 0
194488 0
93953 0
174729 1
76581 1
76212 0
111494 1
54962 1
95645 0
142832 1
73256 0
124087 1
134841 1
393271 0
260811 0
79182 1
88146 1
180051 0
94808 0
92898 0
72629 1
49487 1
49932 0
242732 0
115666 1
142152 1
134230 0
81560 0
147055 0
184478 0
122802 0
182612 1
263730 0
173769 1
68829 1
119837 0
93922 1
38700 0
56615 1
184708 0
118853 1
468419 0
53663 0
94519 1
160572 0
128887 0
55524 1
54962 0
112878 0
54401 0
122771 1
116890 1
111382 0
87804 0
121547 1
217276 0
71799 1
79777 1
150209 1
86415 1
456420 0
185426 0
115594 1
46195 1
61643 0
67615 1
128088 0
125504 0
123366 1
95563 1
38100 0
45775 0
169934 1
72348 0
158583 0
93152 1
320846 1
133436 1
175450 0
95733 0
174185 0
127587 1
29509 0
158449 0
185306 1
69188 1
259309 0
59790 1
79594 0
157175 1
405088 0
67203 0
70718 1
60977 0
116867 0
42767 0
162521 0
207647 1
91692 0
98397 0
52440 1
176595 0
82523 0
123282 0
76900 1
137803 0
153289 1
