86155 1
31376 0
106245 1
122696 1
137691 1
54061 1
133440 1
133956 1
300958 1
153731 1
87428 1
81672 1
166049 0
79126 1
121433 1
144891 1
58705 1
136470 1
350683 0
127936 0
278853 1
225133 0
131830 1
62471 1
161380 0
94640 0
132544 1
185508 1
140159 1
137919 0
78104 1
219769 0
127605 1
207821 0
142795 0
91455 1
190780 1
235730 1
72870 1
38516 1
99058 1
97145 1
65659 1
312840 0
99184 1
93899 1
162746 1
103636 1
97630 1
99710 0
358234 0
44946 0
106245 1
99223 1
66568 0
171193 0
73049 1
151252 0
52089 1
65099 1
118272 1
63885 1
55102 1
100311 1
132830 1
87821 1
112753 1
354247 1
144221 1
41659 1
151193 1
75025 1
150631 1
120988 0
45945 1
54723 1
47808 1
37933 0
116157 1
101361 1
119990 1
36860 1
118256 1
192013 1
82209 1
52342 1
75715 1
261549 1
103079 1
69057 1
167371 1
101150 1
105066 0
80133 0
132349 1
36402 1
92721 1
142210 1
82258 1
109973 1
78692 0
107999 1
171336 1
87109 1
160664 1
77193 1
87583 1
254517 1
110947 1
31036 1
119301 1
169132 0
138022 1
83242 1
143414 1
159177 0
65165 1
109971 0
245671 0
115293 1
161285 1
64145 1
64281 1
83588 1
164335 1
29141 1
152191 1
279191 0
118741 0
66200 1
185947 0
62245 1
58967 0
82290 1
184171 1
135862 1
107999 0
138022 1
146732 0
178942 1
165120 1
78606 1
103116 1
65057 1
91360 0
83569 1
95866 1
90944 1
358210 0
140643 1
30576 1
217882 1
161959 1
149949 0
123474 1
159621 1
65301 0
82098 1
44381 0
51332 1
43091 1
37092 1
145596 0
60426 1
124331 1
159800 1
218045 0
111030 1
160197 1
50520 1
155065 1
152481 1
89688 1
94550 1
149216 1
71247 1
90314 1
100254 0
56575 1
121467 0
55422 1
132530 1
116570 1
40892 1
284279 1
192025 1
62196 1
186272 1
192671 1
72636 0
191580 0
262911 0
226760 0
187793 0
175998 1
168897 0
144142 1
36611 1
94372 0
109897 1
78816 1
201316 0
52932 0
241643 0
225865 0
47616 0
118087 0
89711 1
201261 0
225659 1
92403 1
77643 1
113187 0
178996 0
173201 0
165954 1
235945 1
145916 1
229958 1
102905 1
207492 1
110526 1
136126 0
81671 1
46295 1
73851 1
163155 0
76586 1
98679 1
100640 1
191150 0
45833 1
162333 1
105283 0
37006 1
184468 0
179416 1
95267 1
149010 1
285630 1
120518 0
97707 0
58489 0
128565 1
81111 0
89005 1
104056 1
256007 0
137842 0
152389 1
73851 1
123556 1
221126 1
206777 0
83254 1
146666 0
31855 1
48125 0
70276 1
311099 0
89006 1
100793 0
162671 0
152389 1
110719 0
135533 1
137781 0
89755 1
255097 1
94185 0
66817 1
55980 1
80905 0
85319 1
160704 1
200503 1
47808 1
78310 1
37841 1
181476 1
173726 1
258905 0
511566 0
141621 0
151647 0
158919 0
287262 0
93656 1
130085 1
76409 1
79807 1
45804 1
389494 0
93212 0
103044 1
56015 0
200830 1
256300 1
92606 0
100269 1
123556 1
106146 1
50174 1
171070 1
225659 1
85728 0
215642 1
70505 1
110526 1
97403 1
253680 1
207831 1
107885 1
96760 1
164133 1
100988 1
159317 1
90225 1
142588 0
124732 0
199108 1
131205 1
39098 1
38850 0
134238 1
101326 1
231609 0
61751 1
97686 0
91646 1
95013 1
32899 1
119660 0
273122 0
64700 1
73658 1
87208 1
156549 1
99243 1
73525 1
144604 1
98287 0
118833 1
138624 0
221098 1
133005 1
145930 1
127431 1
148196 1
128691 1
238169 1
65584 1
79545 1
233057 1
70935 0
54661 1
112641 0
51456 1
67540 1
88465 0
75431 1
49151 0
72711 0
193961 0
165884 0
249784 1
56101 1
316868 0
116249 0
74432 1
93307 1
194465 0
83835 1
100792 1
213041 0
145099 1
132081 1
259844 1
169798 1
191463 1
111660 1
63441 1
107750 0
98946 0
107852 0
36436 1
246139 0
114930 1
190121 0
204700 0
137943 1
155255 0
167784 0
170062 1
109260 1
221157 1
300338 0
130255 1
153682 1
198287 0
144951 1
33236 1
74299 1
78934 1
71003 1
48365 1
91928 1
188254 1
91903 1
114666 1
177762 1
184383 0
151165 0
219021 1
57074 1
75775 1
73855 1
311610 1
136768 0
69046 0
175480 1
128174 1
80188 0
94961 0
305550 1
97686 0
106732 1
98690 1
26713 1
85448 1
67522 1
204188 0
151490 1
469459 0
211383 1
202659 1
65660 1
37562 1
107763 1
154105 1
162369 1
279812 0
139755 0
109272 0
106137 1
73031 1
114080 1
120875 0
118041 1
206661 0
168408 1
169497 1
67796 1
267860 0
145886 1
124196 0
78845 0
83363 1
325218 0
257069 0
139036 0
176836 1
301758 1
92821 1
140364 1
256212 1
86705 1
191993 0
158168 1
101890 1
47274 1
89459 0
142229 1
118082 0
202659 1
64090 1
74533 1
117573 0
264340 0
121064 0
83074 0
57159 0
138621 0
130940 0
114197 0
85281 1
91361 0
139818 1
41799 0
232789 1
231879 1
213939 0
232859 1
235924 1
381222 0
171012 1
36638 1
203607 1
278554 1
144598 0
111140 0
202316 1
81423 0
115315 0
57413 1
97005 1
327969 0
102943 0
321425 0
64757 0
190329 1
117659 1
253305 0
89900 0
51435 1
67746 0
167226 1
191246 0
116941 1
145183 1
117472 1
205855 0
178342 0
54693 1
164179 1
27324 0
111408 1
187498 0
46436 1
91131 0
55507 1
181665 1
260963 1
125377 0
74578 0
253265 0
149150 0
193007 1
137278 1
137596 1
137990 0
98387 1
80021 1
45840 0
356977 0
105266 1
245187 1
133292 0
105232 0
183926 1
89521 0
122717 0
127407 0
194183 0
119347 0
98778 1
191269 1
129852 0
169463 0
103566 0
43902 1
58542 1
129707 1
170803 0
90151 1
223667 0
107195 0
88396 0
116093 1
287229 1
76323 1
151787 0
125254 1
95583 0
146823 1
154077 0
167257 0
91073 1
43947 1
320536 0
152293 0
44099 0
153935 1
166622 1
147066 0
192597 0
135345 1
117205 1
168753 0
104696 1
358738 1
168739 0
19517 1
57134 0
45243 1
326683 0
73142 0
73356 1
69764 1
112705 0
114645 1
121095 1
139982 0
294516 0
72781 1
225253 0
214559 0
84300 0
254556 1
146874 0
113226 1
94125 1
112825 0
77095 0
390553 1
55010 1
222153 0
176778 0
190364 0
124130 1
249188 1
122274 0
188523 0
86026 0
90932 1
245966 0
146094 1
184760 0
109254 1
123835 0
137990 0
116058 0
125104 1
271714 0
109368 1
95137 1
324847 1
87217 0
174991 0
251658 1
115089 0
77422 1
251014 1
146864 1
167153 1
117776 1
138482 1
179023 0
70050 1
216400 0
113988 0
65621 1
126398 1
123001 1
70657 1
124137 0
91691 1
100984 0
173853 0
309101 0
183402 1
191057 1
39575 0
47539 1
321231 1
175129 0
68353 1
94231 0
148926 1
212111 0
44958 1
167757 1
63343 0
178033 1
102724 1
116525 1
94688 1
102573 0
117777 1
146874 0
92208 0
264810 1
115858 1
131491 1
102751 1
143191 1
171053 0
380625 1
121681 1
408473 0
296877 0
154326 0
102899 0
44099 1
48365 1
216400 0
219000 1
460924 0
115286 0
108919 1
97953 1
45526 1
154557 0
231930 0
232222 1
115806 1
180601 0
199695 1
57062 0
147692 1
108332 1
174195 1
191275 0
122029 1
122256 1
101542 1
168827 0
103084 0
37753 1
98601 1
72310 1
246380 0
430358 0
202893 0
113396 1
185579 0
179810 1
87876 1
116873 1
235533 0
139039 0
472876 0
128566 1
144211 0
81693 0
96446 1
102629 1
383837 0
81445 1
93929 1
166157 1
124618 1
216346 1
161385 1
230175 0
295678 1
171819 1
551690 0
107442 1
77583 1
162482 0
203907 1
97797 0
97303 0
93793 1
135893 1
89819 0
219934 1
427388 1
102559 0
59817 0
248891 0
252269 0
44685 1
100476 1
174034 0
217517 1
105854 0
174635 0
152658 1
160303 0
164323 1
240535 0
120900 1
134511 1
37650 0
289989 0
65836 0
180643 0
253139 1
52734 0
99446 0
202225 0
59915 1
89712 1
247462 0
190751 0
206924 0
141989 1
87204 0
140323 0
341586 0
180776 1
32467 1
172543 0
118092 0
201368 0
79111 1
107719 0
159094 1
88519 1
190293 1
98757 1
89360 0
129789 1
213696 1
180599 1
156466 0
70921 1
111554 1
291583 0
128561 0
238956 0
87045 1
56955 1
92304 0
188763 0
97655 1
201991 1
130212 1
171475 0
134317 0
366282 0
233155 0
210835 0
235168 1
188132 1
68819 1
143937 0
118980 1
40169 0
55183 1
188377 1
178683 1
613020 0
84087 0
127244 1
159691 1
310449 1
68297 1
88519 0
229487 0
97418 0
222819 1
103138 1
124630 0
180918 0
83503 1
158926 0
81658 1
101609 1
104299 1
112562 0
285445 0
218295 0
142460 1
54186 1
72721 0
83304 1
149882 0
123397 0
338235 1
181007 0
50479 0
164637 0
229699 0
174143 0
207469 0
124609 1
122046 1
104352 0
232367 0
185197 1
148790 0
141994 1
47789 0
234674 0
192282 1
53227 1
301281 1
56217 1
124830 0
122804 1
412005 0
127340 1
102760 1
70496 1
200162 0
82717 0
211992 0
221368 0
138817 0
68991 0
85890 1
210388 0
86396 0
191477 0
101629 1
248223 0
148438 1
