43909 1
35190 1
57865 1
80360 1
90059 1
51601 1
105185 1
78514 1
169727 1
200925 1
76751 1
39872 1
165184 1
70639 0
148023 1
73855 1
32905 1
55431 1
151410 1
90502 1
99786 1
76536 0
100994 1
81771 1
76941 0
49223 0
149812 0
184327 0
66739 0
134312 0
40110 1
325247 1
125869 1
171522 0
82705 0
66324 1
107809 1
302417 1
44402 1
29719 1
43965 1
80905 1
53809 1
118361 0
73453 1
61209 1
174033 1
44719 1
63157 1
94074 0
336826 0
36249 0
57865 1
38920 1
47011 0
78184 0
62341 1
170070 0
61191 0
69472 1
65254 1
45215 1
78443 1
41414 1
80201 1
48921 1
114149 1
141431 1
107086 1
22437 1
97272 0
54686 1
86976 1
71100 0
29521 0
45898 1
42789 1
47182 0
63812 1
65134 1
77723 1
35601 1
55796 1
154627 1
43959 1
65566 1
39044 1
229427 1
66374 1
50220 1
80534 1
94593 0
66898 1
44822 0
63812 1
36409 1
82271 1
106460 1
37254 1
72899 1
37404 0
50296 1
78179 1
62175 1
66558 1
45895 1
50766 1
160373 1
44434 1
26799 1
203470 1
105276 0
76081 1
99602 1
116459 1
162621 1
74661 1
78843 0
188985 0
72561 1
70541 0
39633 1
52625 1
34557 1
138050 1
29438 1
222311 1
158361 1
47148 0
52580 1
150610 0
46262 1
45030 0
46698 1
86436 1
76835 1
50296 0
76081 1
89981 0
73453 1
315072 0
44693 1
60398 1
22008 0
53245 0
49862 0
102425 0
80427 1
155298 0
68007 1
41156 1
163214 1
47090 1
64426 0
103533 1
52723 0
34738 1
31811 1
24759 1
51924 1
67487 1
28477 1
78236 0
64204 1
73255 1
87141 1
127380 0
95135 1
118967 0
83035 1
81942 1
113694 1
48967 1
58079 1
44945 1
86765 1
72372 1
78126 0
42244 1
84511 0
27469 1
104331 1
45134 0
36516 1
426596 1
175723 1
63990 1
119696 1
69989 1
56284 0
158413 0
111372 0
150812 1
107497 0
123496 0
129435 1
87071 1
36668 1
37417 0
54155 1
53323 1
93733 0
41282 0
342538 1
94442 0
16624 1
94574 0
59036 1
227723 1
165581 1
64620 1
28350 0
42032 0
162363 0
158667 0
106119 1
85970 1
86077 1
85564 1
70499 1
209063 1
105800 0
135985 0
68086 1
36041 1
34806 1
66327 0
91641 1
63374 1
51201 1
177774 1
31080 1
110571 1
61550 0
28862 1
102122 1
105520 1
63887 1
64022 1
170374 1
72955 0
125327 1
40313 0
55308 1
61196 0
36165 0
96496 1
102291 0
162187 0
82925 1
34806 1
49668 1
207790 1
101996 0
63625 1
119676 0
36317 1
20052 1
78383 1
269927 0
51661 0
73711 0
102764 0
82925 1
46488 0
51911 1
94945 1
70351 1
268068 1
65004 1
71211 1
36837 1
54014 0
54926 1
55734 1
122576 0
29957 1
49619 1
20046 1
100833 0
123860 1
473077 0
307764 0
91899 0
57581 1
93554 1
237805 0
47495 1
113361 1
58892 1
42011 0
49876 1
266424 0
81804 1
57695 1
38855 0
108101 0
175631 0
101559 0
59658 1
49668 1
68694 1
33280 1
60768 1
165581 1
51317 0
106429 1
55175 1
105800 0
82695 1
143251 1
198298 1
63910 0
57416 0
170527 1
44648 0
100759 1
61066 0
69030 0
117901 0
113805 1
122828 1
36671 1
21589 1
62129 1
62859 1
153694 0
40519 1
76888 0
33636 1
62192 1
21594 1
53718 0
211922 1
64291 1
61154 1
94030 1
161454 1
46671 1
70525 1
68428 0
117733 1
78384 1
90257 1
116120 1
71846 1
153104 1
70943 1
74468 0
121190 1
93932 1
106860 1
105074 0
90321 1
54200 1
40439 1
72882 0
27528 1
23047 1
107797 0
42197 1
31635 0
47223 0
136992 0
180115 0
120806 0
38717 1
160768 0
81211 0
34016 0
82102 0
200750 1
75478 1
71067 0
130054 0
109068 0
76220 1
119969 1
110851 1
108828 1
92296 0
53123 0
76963 1
63082 0
59317 0
41320 1
251192 0
47711 1
137645 0
132903 0
57182 0
66606 0
93584 0
167487 1
137343 0
137904 1
413353 0
92619 1
140825 0
220878 0
111742 1
45255 1
43049 1
40951 1
64688 1
46750 0
58333 1
134181 1
54585 1
69966 1
85700 1
133842 1
97807 0
200799 0
32887 1
60914 1
45915 1
93233 0
55618 0
60832 0
181787 0
66368 1
34576 0
78403 0
83347 1
107341 0
107982 1
92393 1
26645 1
76212 0
59638 1
164413 0
49224 0
370402 0
89514 1
173053 1
68704 1
27636 1
108330 1
78604 0
232067 0
154741 0
68392 0
53288 0
65581 1
51169 1
70128 1
88302 0
41874 1
170172 0
112856 1
113727 1
88708 1
122173 0
121068 1
57860 0
48394 0
37530 1
297427 1
133257 0
141804 0
62525 0
159146 1
52998 1
83555 1
176353 0
47856 0
111623 0
73631 0
96407 0
34329 1
50033 0
94494 1
73389 0
173053 1
27431 1
68914 1
84957 0
160010 1
57797 0
53021 0
25521 0
131866 0
112178 0
98792 0
62103 1
103325 0
118466 1
25917 0
180382 0
74188 1
175097 0
186865 1
150061 1
217974 0
179221 1
19694 1
114509 1
206129 1
75712 0
50992 0
97136 0
76661 0
126368 1
38617 1
86660 1
111781 0
96425 0
254449 0
25459 1
157473 0
62060 1
278042 0
56324 0
36740 1
43567 0
81270 0
213867 0
185795 1
117943 1
169376 1
118592 0
138925 1
36854 1
132208 0
29193 1
48485 0
147561 0
30607 1
72960 1
35040 1
104943 1
184333 1
133439 1
68916 0
140720 0
189633 0
196381 1
91238 1
105335 1
80067 1
61542 1
103296 1
32183 1
377110 0
47785 1
236432 1
190033 0
114357 0
178557 1
46606 0
165340 1
64263 1
88972 0
138251 1
59856 1
121166 1
56315 0
83568 0
91891 0
42165 1
25206 1
80167 0
154962 0
43022 1
96371 0
89914 0
102660 0
38196 1
67480 1
43552 1
122155 1
62264 1
94617 0
81469 1
138838 0
98091 0
40025 1
49024 1
170676 0
65573 0
26062 0
97933 1
128720 1
131411 1
161684 0
57964 1
103988 1
119689 0
80275 1
309383 1
96553 0
19516 1
50622 0
26284 1
323875 1
76220 1
80862 1
37443 1
90594 0
78875 0
107536 0
98460 1
252318 0
53856 1
264621 0
174723 0
57512 0
129911 0
69696 0
100348 1
55086 0
65457 1
72359 0
220981 1
44885 1
156018 0
41378 0
157417 0
139115 0
214478 1
49083 1
108647 0
57987 0
75469 1
209544 0
82135 1
146398 0
98199 1
119828 0
80067 1
143123 0
50372 1
166375 0
56855 0
63707 1
181176 0
47414 0
119560 0
345774 0
71639 1
45191 1
153612 1
120957 1
117562 0
46322 1
83557 0
194326 1
41815 0
90499 0
62520 1
48013 0
52929 1
88362 0
42848 0
73140 0
59113 1
97604 0
111591 0
126846 0
164527 1
164221 1
19182 1
39619 1
153434 1
117942 0
52080 1
73477 0
60950 0
111575 0
72760 1
74360 0
42810 1
114086 0
80573 1
108355 1
110150 0
95549 1
107358 1
86760 0
46676 0
164608 1
66586 1
67858 0
84706 1
119991 1
122020 0
341802 1
64268 0
280398 0
158052 0
95663 0
135024 0
26062 1
46750 0
90499 0
195429 1
501779 0
58111 0
91867 1
95191 1
51435 1
60242 0
151140 1
127802 1
67100 1
100666 0
125783 1
58630 0
154089 0
102351 1
72589 1
103738 0
72421 1
92889 1
53121 1
233492 1
39749 0
29336 1
109479 1
22470 1
132130 0
439524 0
126800 0
71853 1
124501 0
67116 1
53139 0
69125 1
107139 0
63325 0
325759 0
92319 1
116609 0
64415 1
54391 1
77027 1
262176 0
54219 1
57598 0
99764 0
115720 1
208029 0
133646 0
163641 0
210700 0
209529 1
142921 1
47724 1
63984 1
209828 0
76575 1
89650 0
66789 0
70282 1
138295 1
52579 0
98386 1
212980 1
59708 1
56783 0
153359 1
165178 1
42134 1
85871 1
119542 0
108705 1
87508 0
140692 0
179546 0
58759 0
113776 1
145382 0
105755 1
86394 1
24986 0
146734 0
59667 0
136569 0
224733 1
46188 0
80579 0
256368 0
42220 1
38936 1
133460 0
246997 1
82520 1
80537 1
39470 0
85802 0
143671 0
226206 0
26495 1
91184 0
69872 0
120577 1
129087 1
81020 0
180135 1
52095 1
68475 0
123036 1
68278 0
77930 1
200246 1
115297 1
182365 1
51414 1
135227 1
154578 0
104290 0
102831 0
91273 0
36164 1
63805 0
303331 0
106124 0
124148 1
153906 0
91006 0
235622 0
194813 0
177870 1
144648 0
144675 0
114713 1
66489 1
111654 0
80360 1
35938 0
29728 1
157100 0
122816 1
278763 0
78018 0
78418 1
96199 0
143808 1
45354 1
52095 0
289940 0
82545 0
93889 1
115637 1
101248 0
114331 0
99346 1
76011 0
59535 1
78371 1
61012 1
66616 0
190747 0
109359 0
120348 1
31998 1
103746 0
64701 1
91612 0
137549 0
312088 1
80047 1
36325 0
70786 0
110916 1
77827 0
154758 0
81690 0
161526 0
102040 1
262041 0
108734 1
156113 1
73018 1
26861 0
98080 0
116117 0
55053 0
140919 0
43842 1
69201 0
75476 1
274955 1
48530 0
113088 1
43757 1
109881 1
49536 0
86905 0
206832 0
73908 0
56064 1
70473 1
155937 0
65475 0
121649 0
71644 1
111707 0
197386 1
