79325 1
90711 0
111547 1
131767 1
114373 1
114848 1
150130 1
173815 1
269927 1
185038 1
91636 1
99576 1
350354 0
136647 0
134722 1
187501 1
61446 1
245735 1
206262 1
131544 0
203299 1
235134 0
155518 1
133997 1
161113 0
133529 0
178772 1
205614 0
120708 0
200404 0
87726 1
384700 0
133526 1
267488 0
158371 1
101630 1
175355 1
154012 1
91407 1
34356 1
96597 1
132024 1
118788 1
237168 0
115102 1
103823 1
175742 1
121629 1
153507 1
87303 0
286037 1
46132 0
111547 1
103158 1
83773 0
257232 0
88609 1
190856 0
116404 0
93074 1
97952 1
68232 1
108126 1
87201 1
166731 1
96482 1
136619 1
392829 1
133697 1
58511 1
174286 0
90270 1
139109 1
188661 0
63623 1
50747 1
54278 1
45115 0
119296 1
155140 1
181851 1
54203 1
172403 1
273327 1
90689 1
110171 1
68716 1
345598 1
135547 1
65259 1
196727 1
123308 1
131655 0
64111 1
103784 1
58306 1
165568 1
283107 1
85523 1
138864 1
83342 0
163826 1
122004 1
98113 1
278099 1
91721 1
75197 1
235835 1
217316 1
31793 1
177622 1
140404 0
174458 1
94644 1
127405 1
271240 1
79267 1
109542 0
286212 0
107144 0
103929 1
67834 1
68727 1
62198 1
123829 1
37020 1
252104 1
435393 0
134979 0
99336 1
249731 0
62228 1
72894 0
89142 1
228835 1
169289 1
163826 0
174458 1
273503 0
166290 1
434854 1
204609 1
81430 1
76581 1
123125 0
115741 0
172622 1
142919 1
364832 0
129494 1
54740 1
253966 1
141686 1
161060 0
136289 1
116479 1
56769 1
96376 1
33736 0
65251 1
76022 1
42528 1
149902 0
76192 1
213872 1
114602 1
202118 1
61954 1
93255 1
48448 0
172212 1
142563 1
107713 1
82633 1
138967 1
83440 1
83137 1
116626 0
56970 1
132754 0
60524 1
167476 1
116906 1
46310 1
288698 1
234569 1
79849 1
306244 0
203035 1
132050 0
319309 0
136921 0
145887 0
274078 0
251532 0
312389 1
93522 1
38697 1
99920 1
120105 1
91233 1
173576 0
60635 0
396177 0
288314 0
45407 1
174795 0
117362 1
299712 0
393980 1
117769 1
104710 1
119574 0
272734 0
160341 0
91910 1
418599 1
200196 1
108120 1
116320 1
168557 1
141820 0
176514 0
92111 1
48041 1
94510 1
224899 0
95566 1
145123 1
89518 1
293082 1
60951 1
229516 0
167326 0
79177 1
202419 0
209943 1
127033 1
124818 1
262758 1
147291 0
128113 0
82789 0
143309 1
108987 0
101739 1
166741 1
271852 0
194203 0
179524 1
94510 1
102603 1
191036 0
281572 0
97024 1
241408 0
46103 1
58237 1
54988 1
238965 0
72318 0
118538 0
197555 1
179524 1
250445 0
137503 1
116743 0
100194 1
355388 0
103591 1
83361 1
52321 1
170500 0
73978 1
139172 1
215721 0
59216 1
101729 1
39654 1
284790 1
208567 1
255158 0
484474 0
165678 0
120301 0
197113 0
312761 1
114940 1
170790 1
53535 1
87712 0
71561 1
327437 0
118802 0
110400 1
54210 0
261962 1
272838 0
199291 0
92987 1
102603 1
122738 1
59312 0
184871 1
393980 1
142913 0
175413 1
89218 1
141820 0
181837 1
224308 0
214680 1
145891 1
85416 0
207312 1
81146 0
123710 1
80288 1
174942 1
221151 0
316304 1
147705 1
45640 1
29660 1
146597 1
146742 1
250970 0
118804 1
111667 1
77018 1
93802 1
72114 1
123744 0
279547 0
74048 1
70857 1
109210 1
174571 1
82085 1
84394 1
216836 0
115419 0
152756 1
142389 1
254856 1
169968 1
197901 1
206347 0
185293 1
121741 1
256145 1
130390 1
103419 0
187487 1
111983 1
64538 1
132897 0
48652 1
91833 0
130889 0
75953 1
59224 1
85631 1
267115 0
235689 1
234227 0
102044 1
358759 0
188596 0
71531 1
125658 0
302460 1
145396 1
89140 1
267807 0
259623 1
161942 1
188865 1
171233 1
342484 1
171249 0
74360 0
179091 0
121023 0
132344 0
61770 1
275852 0
147627 1
150998 1
280153 0
141275 1
216456 0
178336 0
166342 0
116696 1
277411 1
230547 0
170572 1
195980 1
241483 0
121155 1
82005 1
91182 1
105611 1
122452 1
60640 1
96770 1
147151 1
171351 1
174619 1
136942 1
342990 0
142954 0
199941 0
80262 1
69398 1
151017 1
369719 0
200558 0
106384 0
272633 1
152787 1
83164 1
123451 0
381923 1
172099 0
137281 1
211865 1
22164 1
78993 0
108080 1
221524 0
169258 1
556249 0
146997 1
204198 0
79183 1
58133 1
188873 1
126879 0
247681 1
426493 0
182496 1
97572 0
202196 1
84535 1
134549 1
159466 1
133962 1
242740 0
202727 1
217784 0
96055 1
217864 0
114549 1
87338 0
121568 0
130818 1
290781 0
229411 0
190579 0
184957 1
201841 1
130201 1
170500 1
368392 0
100688 1
257263 0
156696 1
98796 1
43091 1
94743 0
177719 1
265756 0
204198 0
65601 1
90211 1
148182 0
318456 0
135007 0
67566 0
54083 1
280156 0
119166 0
136678 0
117163 1
157367 0
224760 1
51527 0
275345 1
238492 1
350943 0
240940 1
313787 1
501635 1
304319 0
51950 1
242477 1
351998 1
183056 0
111444 1
149327 0
110403 0
122490 0
92288 1
129990 1
255286 0
123341 0
506407 0
52270 0
179570 1
173746 1
430590 0
107203 1
60249 1
89390 0
98246 0
308282 1
199974 1
162825 1
129849 1
169235 0
226948 0
89519 1
223500 0
66263 0
201291 1
227539 0
52232 1
106130 0
77275 1
170506 1
288227 0
173873 0
59584 0
280657 0
153157 0
224415 0
157913 1
198415 1
167531 0
109813 1
92982 1
69549 0
695291 0
87839 1
202550 1
209699 0
160784 1
202099 1
143346 0
224890 1
155859 1
145056 0
150562 1
98790 1
186676 1
150753 0
125853 0
133793 0
60840 1
51967 1
91547 0
190408 0
113255 1
324812 0
256812 0
93362 0
73170 1
184160 1
109883 1
140901 1
159149 0
175549 1
236059 1
166744 0
147049 0
112503 1
59343 1
317456 0
175716 1
49693 0
215800 1
145928 1
134119 1
211700 1
112418 1
121031 1
160692 0
129688 1
259714 1
196051 0
61784 1
92246 0
53643 1
273503 0
96279 0
69652 1
75672 1
117090 0
118700 1
137531 0
128491 0
322532 0
101124 1
323733 0
175575 0
136807 1
154164 0
100689 0
166580 1
137564 1
109352 0
113740 0
481115 1
69736 1
238267 0
309341 0
196681 0
139685 1
261733 0
167437 0
140723 0
88432 0
104699 1
324061 1
169789 1
245328 0
127663 1
147091 0
167531 0
97260 0
168117 1
371501 0
89164 0
108998 1
246560 1
131893 0
158579 0
409020 0
102587 1
88757 1
270237 1
204274 1
159247 1
204125 1
141945 1
185832 0
116649 0
200853 0
109477 1
91516 1
152767 1
152931 0
100873 1
208571 1
115889 1
116987 0
102095 0
416149 0
230200 1
169528 1
46063 0
64602 1
298344 1
155563 0
99448 1
207712 0
112956 0
138656 0
71512 1
141987 1
85420 1
83814 1
114534 1
146719 1
134388 1
104682 1
145777 1
197019 0
116503 0
242935 1
119670 1
163868 0
118381 1
102713 1
190392 0
291927 1
114200 0
272087 0
381993 0
183439 0
105603 0
49693 1
60640 1
200853 0
342029 1
741092 0
109410 0
180370 1
213006 0
99391 1
208029 0
261742 0
200524 1
108502 1
161472 0
201044 1
88424 0
174983 1
157201 1
130417 1
154896 0
123958 1
267256 0
117513 1
300970 1
135096 1
40945 1
128660 0
90333 1
314260 0
418790 0
281489 0
165676 1
205621 0
192644 0
100279 1
102273 1
337257 1
125084 0
452837 0
139394 1
151952 0
121028 0
117249 1
117070 1
230483 0
94744 1
108514 1
217741 1
238251 0
306465 0
124059 0
277838 0
340961 0
197935 1
274782 1
129386 1
101828 0
186522 0
163996 1
270533 0
108346 0
115787 1
167267 1
87819 0
360725 0
532917 1
127487 1
88891 0
317207 1
260460 0
79335 1
85086 1
192676 0
215904 1
161127 1
319132 1
159560 0
141131 0
224386 1
198550 1
168838 0
144268 1
64981 0
335235 1
83445 0
258553 0
214782 0
68105 0
92757 0
278805 1
80150 1
82121 1
316743 0
237859 0
136816 1
155460 1
96139 0
191693 0
426042 0
228556 1
40394 1
243176 0
206538 0
225742 1
86131 1
126153 0
331848 1
103137 1
148821 0
127855 1
107358 0
147164 1
183813 1
351056 1
194970 0
97361 1
163411 1
230675 0
125391 0
236032 0
98092 1
62710 1
61221 0
200576 0
120665 1
182256 1
192564 1
179595 1
137434 0
466654 0
278766 1
192590 0
429912 0
156346 1
49375 1
145169 0
152612 1
49403 0
73118 1
163105 0
214952 1
499873 0
114150 0
148360 1
225833 0
199496 1
66603 1
103137 0
177390 0
123727 1
183844 1
121454 1
134403 0
112762 0
109502 1
193610 0
103945 1
118329 1
213797 1
174373 0
327490 0
278119 0
188573 1
53540 1
74525 0
105244 1
160753 0
188026 0
441335 1
178686 1
73803 1
146080 0
390828 0
213499 0
150900 0
146474 0
151525 1
128842 0
236563 0
230271 1
201215 1
181426 1
44992 0
175566 0
198683 0
62770 1
402441 1
119195 0
129077 0
131653 1
608907 0
128478 0
106275 1
96270 0
257279 1
93068 0
153382 0
304387 1
164225 0
121524 1
77111 1
177943 0
91021 0
193020 0
122680 1
184416 0
196937 1
