142383 1
101574 0
94802 1
152171 1
173948 1
116327 1
160940 1
165834 1
362761 1
225493 1
93487 1
84293 1
361891 1
58413 0
151542 1
154148 1
62645 1
163783 1
228623 1
148524 0
272288 1
296998 0
180307 1
75510 1
335368 0
104778 0
199544 1
163408 0
145377 1
195843 0
100973 1
462567 0
156474 1
210221 0
178552 1
98642 1
173688 1
195200 1
104988 1
37326 1
101725 1
128718 1
116981 1
276119 0
107432 1
97828 1
211898 1
112391 1
144533 1
89422 0
547679 0
67896 0
94802 1
113744 1
81568 0
220184 0
151984 1
247683 0
51277 1
85265 1
152143 1
77522 1
51574 1
122956 1
204799 1
96450 1
132753 1
477447 1
132605 1
37358 1
251670 0
91319 1
278537 1
156184 0
52030 0
61474 1
55377 1
46985 0
123763 1
213521 1
188098 1
50700 1
186992 1
279417 1
86868 1
182189 1
77091 1
310973 1
134317 1
118210 1
189018 1
127973 1
162424 0
101171 1
105959 1
39556 1
110708 1
391928 1
134869 1
120751 1
97895 0
107060 1
146140 1
94319 1
319960 1
136868 1
75853 1
335581 1
296564 1
35576 1
160200 1
204112 0
153607 1
124994 1
207332 1
269097 0
90600 1
152245 0
403879 0
179382 1
145057 1
62442 1
62218 1
63428 1
186123 1
57399 1
316793 1
348388 0
174961 0
108160 1
120181 0
61956 1
85064 0
141421 1
300104 1
158945 1
107060 0
153607 1
186055 0
180784 1
392577 1
91617 1
121282 1
58832 1
80350 0
73080 1
105676 1
247087 1
533009 0
172953 1
106515 1
228815 1
152896 1
212568 0
150574 1
129486 1
72803 1
124592 1
39860 0
92997 1
70532 1
36036 1
164162 0
77150 1
205002 1
111437 1
182618 0
166253 1
105675 1
119022 1
170557 1
134039 1
97400 1
113051 1
146350 1
120468 1
126352 1
71135 0
96657 1
124420 0
57636 1
188682 1
139336 1
85559 1
279381 1
299145 0
77624 1
298082 1
293447 1
134885 1
264810 0
190778 0
167417 0
212558 0
270247 0
176465 1
90437 1
47268 1
77245 1
110353 1
78179 1
208733 0
51092 0
404854 0
323182 0
65312 1
195703 0
102616 1
267778 0
336722 1
127265 1
68164 1
72831 0
347089 0
162354 0
82348 1
786866 1
243053 1
187784 1
141192 1
165366 1
156447 1
197945 0
105094 1
55544 1
92043 1
297178 0
226804 1
172773 0
111907 0
203032 0
58615 1
252746 0
187963 0
124137 1
156358 1
225015 1
99139 1
144855 1
260400 1
145353 0
161703 0
79204 0
209248 1
108043 0
64175 1
134714 1
247469 0
246367 0
195052 1
92043 1
139075 1
238986 0
262387 0
114455 1
244339 0
33330 1
74549 0
53425 1
392890 0
114926 1
122371 0
228800 1
195052 1
211937 1
151842 1
110832 0
105446 1
371091 1
157034 1
93714 1
70868 1
153092 0
86683 1
208464 1
287322 1
50093 1
154725 1
40134 1
252687 1
183420 1
395837 0
935693 0
156204 0
113257 1
213742 0
405029 1
143160 1
275640 1
62534 1
118333 1
58482 1
427636 0
139893 1
110322 1
58363 0
273364 1
445157 1
179370 0
105390 1
139075 1
158312 1
62589 1
118575 1
336722 1
146461 0
160286 1
57578 1
156447 1
114391 1
194863 0
218627 1
129875 1
92316 0
233534 1
100993 1
127073 1
140860 1
264986 0
166008 0
367142 1
197187 0
37306 1
39115 1
153125 1
151561 1
312921 0
66640 1
111755 0
58858 1
187186 1
127880 1
125949 0
286053 0
92313 1
127559 1
161562 1
169000 1
131981 1
82525 1
290515 1
174109 0
132627 1
182184 1
181529 1
158628 1
163747 1
242553 1
169876 1
142952 1
342791 1
61396 1
150331 0
196369 1
118660 1
68603 1
116000 0
83751 1
64853 1
177540 1
74406 1
57825 0
92263 1
231020 1
345494 1
228975 0
50417 1
350481 0
164107 0
60162 1
137447 0
216731 1
143877 1
103345 1
269606 0
243958 1
170255 1
325361 1
206298 1
229698 1
152796 1
62857 0
130680 0
127933 0
200231 0
47033 1
330447 0
109432 1
233354 0
262250 0
109981 1
264225 0
165435 0
199930 1
146073 1
255828 1
354338 0
153260 0
198693 1
225720 0
125829 1
67003 1
119443 1
97889 1
194373 0
47502 1
95775 1
306192 1
94763 1
170715 1
224201 1
341681 0
172964 0
257136 0
79259 1
84752 1
89287 1
271882 1
375399 0
90651 0
272816 0
138650 1
93691 0
157767 0
380543 1
128188 0
178037 1
190089 1
25708 1
141856 1
106751 1
205635 1
217998 0
543739 0
220837 1
464158 0
75108 1
40189 1
257281 0
123523 0
305286 1
339879 0
215990 1
79083 0
155836 1
77229 1
141862 1
138486 1
114788 1
311664 0
211078 1
205527 0
104897 1
346389 0
143583 1
143090 0
94558 0
105186 1
284175 1
245909 0
198577 0
132499 0
436512 1
117077 1
145268 1
500636 0
173396 1
229910 0
129326 1
174602 1
46350 1
107589 0
231621 1
305757 0
464158 0
72983 1
107021 1
151776 0
428050 0
147289 0
99116 0
61364 0
290578 0
189838 1
196669 0
131907 1
120636 0
173285 1
56173 0
341345 1
276094 1
247401 0
294427 1
229424 1
506900 0
257966 1
84935 1
225392 1
379962 1
248872 0
139426 0
195966 1
189997 0
229161 0
62062 1
104410 1
312063 0
227983 0
448442 0
65701 0
326605 0
130985 1
310373 0
81393 0
53993 1
104242 1
164582 1
376049 0
202882 1
157342 1
232349 0
175185 0
190351 0
66357 1
340555 0
46260 1
274251 0
305737 0
72772 1
100773 1
60916 1
342209 1
248728 1
177313 1
87223 0
513985 0
276639 1
292932 0
185931 1
174130 1
146803 0
143477 1
91630 1
64614 0
444332 0
130539 1
467510 0
296261 0
282712 0
285441 1
107409 0
216372 1
93712 1
203660 0
107866 0
132200 1
203885 1
198177 0
114275 0
159116 0
48423 1
63927 1
136184 0
234171 0
76490 1
290855 0
180555 0
85509 0
75025 1
237020 1
92491 1
182118 0
146361 1
108563 0
189592 1
282366 0
158022 0
130006 1
64017 1
420229 0
210981 0
41297 0
167795 1
186923 0
170455 0
343768 0
116917 1
130296 1
183009 0
115367 1
335855 1
167502 0
79769 1
86439 0
36650 1
456770 1
164486 1
83654 1
53129 1
122355 0
115634 1
165762 1
273939 0
428371 1
93585 1
498267 0
191727 0
98806 0
282033 0
120717 0
219947 1
108639 0
120010 0
132026 1
428114 1
59999 1
242741 0
249605 0
227261 0
135503 1
411426 0
197368 0
168664 0
114427 0
159933 1
331769 0
198829 1
280424 0
172019 0
224366 0
146803 0
170638 0
210761 1
488531 1
98008 0
101832 1
516546 0
116864 1
222685 0
420479 1
199266 1
129090 1
316126 1
253662 1
341792 0
81826 1
160071 1
183128 0
84706 1
316866 0
89006 1
94534 1
146062 1
166125 0
97454 1
187935 1
104736 1
137929 0
228315 1
188281 0
320035 1
164710 1
63316 0
61647 1
343691 1
188675 0
43255 1
169332 0
165573 0
163968 0
59472 1
365067 0
98403 1
66452 1
130621 1
170569 1
143078 0
90452 0
125502 1
181197 0
123561 0
211394 1
90062 1
116495 0
116613 1
136368 1
388064 0
523025 1
107540 1
594275 0
377578 0
179287 0
193073 0
41297 1
47502 1
316866 0
434344 1
470544 0
134977 0
146455 1
134048 1
57139 1
227450 0
366162 1
367146 1
80946 1
225556 0
210869 1
101091 1
309858 0
149770 1
142612 1
272852 0
173119 1
141010 1
114125 1
278850 0
93417 0
41704 1
146816 0
76086 1
187329 0
578839 0
299466 0
144613 1
297049 0
179412 0
100475 1
113771 1
284670 0
149214 1
394261 0
137724 1
216550 0
87415 0
76308 1
142547 1
294572 0
127672 1
106551 0
182695 0
202996 1
382508 0
163676 0
302054 0
489900 0
270618 1
297659 1
94893 0
87481 0
405427 0
213051 0
116143 0
185481 0
78869 1
117219 1
160265 0
479715 1
554609 1
105095 0
89938 0
588383 0
454527 0
76758 1
103926 1
256732 0
284717 1
139034 0
356154 0
236946 1
227505 0
301110 1
231851 1
196890 1
181566 1
73148 0
395913 0
79041 0
319893 0
321206 0
93785 0
172532 1
261373 1
94296 1
83278 1
365715 0
272793 0
241082 0
220065 1
113162 1
189969 0
489627 0
370161 1
42424 1
418698 0
241295 0
159428 0
94453 1
159636 0
288324 0
103140 1
180648 1
110387 1
141024 1
126101 1
163319 1
501406 1
212127 1
127257 0
156796 1
270208 0
139286 0
409019 0
84955 1
55999 1
94242 0
348348 0
196401 0
328547 1
279951 1
160447 1
198407 0
551116 0
240256 0
309743 0
424784 0
314665 1
39629 1
301104 1
124053 1
72070 0
65291 1
150333 0
199163 1
515070 0
91652 0
167159 1
183232 0
434743 1
62851 1
103140 0
238424 0
139135 0
174183 1
149048 1
173162 0
158074 0
103485 1
275505 0
102923 1
128985 1
152481 1
130259 0
452312 0
318950 0
211490 1
49936 1
85861 0
165086 1
187714 0
133985 0
849928 0
183745 1
66203 0
185037 0
390794 1
175792 0
188002 0
216677 0
241656 1
102485 0
383747 0
191576 1
285629 0
171571 1
83756 1
135340 0
295221 0
52381 1
394000 1
69232 0
115452 0
132057 1
781743 1
82100 0
66972 1
83046 0
283307 0
142794 0
196780 0
324988 0
208417 0
116276 0
83409 1
223890 0
129955 0
229460 1
111194 0
241743 0
197495 1
