58289 1
70400 1
47230 1
84460 1
74548 1
95040 1
158405 1
104022 1
215897 1
141521 1
74741 1
52530 1
136573 0
63998 1
133358 1
79885 1
30928 1
76088 1
248779 0
82983 0
170172 1
123194 0
89690 1
44982 1
147825 0
70450 0
139366 1
120512 0
63113 1
142602 0
55486 1
246491 1
167216 1
169689 0
128564 0
97561 1
127453 1
179226 1
44032 1
33372 1
85645 1
91648 1
97691 1
190991 0
54865 1
53546 1
162739 1
44755 1
79185 1
55359 0
162103 1
28771 0
47230 1
52817 1
42759 0
104597 0
46292 1
113945 0
52651 0
85167 1
123716 1
50097 1
73848 1
41739 1
158181 1
47237 1
72779 1
328330 1
96867 0
25586 1
94897 1
68337 1
120387 1
89124 0
32224 0
46265 1
41720 1
39768 0
53717 1
57660 1
61667 1
31776 1
135615 1
149855 1
68335 1
42034 1
26686 1
188484 1
71675 1
48105 1
139388 1
71797 1
41314 0
39477 0
56719 1
41302 1
118816 1
213221 1
44750 1
90704 1
36352 0
66899 1
81257 1
63418 1
169630 1
56247 1
76350 1
188071 1
71419 1
24934 1
90875 1
87187 0
76954 1
62407 1
145106 1
107887 0
51705 1
78308 0
159552 0
47269 0
73664 1
95685 1
38198 1
34122 1
125780 1
28717 1
199873 1
162839 0
52403 0
58579 1
137230 1
35497 1
53281 0
44302 1
88093 1
73334 1
66899 0
76954 1
92565 0
80258 1
368379 1
39801 1
61189 1
21947 0
56607 0
57839 1
83542 1
81109 1
158977 0
66656 1
68463 1
146434 1
90549 1
81488 0
72510 1
96037 1
49072 1
34533 1
17923 1
97555 1
71168 1
29718 1
116817 0
49444 1
98910 1
120988 1
91149 0
86055 1
79220 0
82895 1
85333 1
127031 1
48685 1
54749 1
47531 1
77269 1
52891 1
109068 0
52744 1
88794 1
27228 1
95949 1
43998 0
22430 1
311644 1
227773 1
61200 1
123774 1
105471 1
63642 0
163767 0
88407 0
163907 1
109287 0
158074 1
231955 1
54508 1
38673 1
38700 0
66165 1
55221 1
155956 0
31077 0
197905 0
162007 0
16418 1
126939 0
57569 1
256406 0
302592 1
58757 1
27044 0
47653 0
159056 0
147562 0
132669 1
246744 0
92047 1
118968 1
76941 1
125878 1
170055 0
208704 1
68964 1
50165 1
35555 1
88850 0
94286 1
154038 1
53790 1
98557 1
29548 1
133697 0
45767 0
41612 1
80956 1
92040 1
71891 0
76228 1
213616 1
72624 0
41178 1
40588 0
54300 1
69876 0
56458 0
105541 1
122662 0
154623 0
65524 1
35555 1
62888 1
77331 0
80374 0
92321 1
80017 0
35689 1
23610 1
61170 1
183141 0
62435 1
94813 0
97190 0
65524 1
60341 0
64801 1
41765 0
50865 1
119564 1
60441 1
113652 1
38786 1
150678 1
49360 1
78124 1
158226 1
59073 1
40582 1
28760 1
122199 0
119459 1
36866 0
288338 0
84164 0
78011 1
90953 0
137725 1
61475 1
117188 1
55692 1
51940 1
34405 1
273923 0
89509 1
65097 1
36315 0
220340 0
218008 0
78643 0
43332 1
62888 1
73486 1
39626 1
137113 1
302592 1
62260 0
114486 1
41841 1
170055 0
125489 1
258711 1
149393 1
46584 0
56576 0
168217 1
50266 0
103251 1
83080 0
65267 1
68803 0
163353 1
106596 1
37788 1
20923 1
73791 1
54733 1
144659 0
43859 1
94538 0
33300 1
50905 1
20974 1
54248 0
310332 0
52025 1
57865 1
66032 1
199210 0
83924 1
41742 1
105140 0
94133 0
100442 1
57588 0
180738 1
100044 1
80356 0
94834 1
96266 1
96957 1
125036 1
95602 1
53373 1
128988 1
53427 1
37172 1
75730 0
24696 1
34671 1
154756 0
63644 1
29396 0
71130 0
159635 1
186670 1
114317 0
38261 1
149220 0
77258 0
73424 0
128474 0
140713 0
81540 1
48459 0
102449 0
188128 1
91946 1
171247 1
104013 1
123739 1
115014 1
54919 0
64336 1
57410 0
57139 0
22122 1
262179 0
67042 1
120329 1
102196 0
51928 0
53395 0
100653 0
138179 0
98074 0
108185 1
128782 0
96674 1
89876 0
192367 1
84198 1
34269 1
44620 1
47501 1
65083 1
45054 0
58089 1
67242 1
116269 1
94543 1
107516 1
160496 0
110684 0
95447 0
31692 1
73339 1
82597 1
147436 0
48254 0
39616 0
236115 0
97985 1
33132 0
64309 0
108414 1
124498 0
115776 1
62378 1
26265 1
88296 1
77214 1
145175 0
77867 0
409495 0
84159 1
194436 1
89560 1
27214 1
132446 1
77580 0
113948 1
221942 0
63555 0
74182 0
58606 1
42708 1
74301 1
98790 1
51423 1
136785 0
123122 1
113019 1
53747 1
101657 0
130445 1
57591 0
38353 0
36445 1
157566 1
194300 0
110571 0
110310 0
168717 1
48867 1
94037 1
174656 0
123074 0
121614 0
56592 0
55582 1
41393 1
83863 0
114042 1
99910 0
194436 1
30195 1
59513 1
63149 0
144913 0
67435 0
68473 0
27194 0
120414 0
88138 0
101161 0
57929 1
119377 0
105111 1
25923 0
247638 0
115575 1
140605 0
176696 1
92602 1
415036 0
98931 1
19212 1
109267 1
176810 1
74608 0
50408 0
90775 0
83082 0
46848 0
46710 1
81003 1
147275 0
124809 0
276713 0
26679 1
143428 1
65122 1
197528 0
93273 0
37491 1
45491 0
102189 0
182097 0
169639 1
114567 0
161533 0
133846 0
193522 0
38248 1
148866 0
19689 0
55741 0
93788 0
28520 1
56381 1
38887 1
148329 1
187558 1
133197 1
68477 1
206858 0
102559 0
144993 1
91359 1
104402 0
96190 1
76054 1
57263 1
38428 1
537650 0
40702 1
190343 1
139150 0
99503 0
174145 1
69954 0
102044 0
48321 1
83529 0
153070 0
50531 1
127177 1
65252 0
70180 0
89208 0
48237 1
25206 1
96615 1
196013 0
42065 0
110207 0
69849 0
83695 0
43889 1
100716 1
48059 1
72282 0
92653 0
69810 0
103067 1
104464 0
63792 0
50134 1
44643 1
261295 0
74649 0
27913 0
104588 1
110070 1
83023 1
81723 0
79870 1
96858 0
121949 0
75200 1
377073 1
80678 0
19802 1
50388 0
38616 1
127150 0
71279 0
99339 0
37157 1
74549 1
67366 0
80373 0
105105 0
478334 0
46581 1
240728 0
217134 0
56715 1
125890 0
64369 0
90966 1
53906 0
102167 1
84255 0
191642 1
36397 1
143951 0
41299 0
177424 0
202477 0
185914 0
45625 1
114524 0
41247 0
82328 1
145100 0
85316 1
115499 0
141502 1
125592 0
96190 1
123588 0
52201 1
400578 0
71808 1
83459 1
155395 1
67865 0
94189 0
163232 0
80148 0
45220 1
206751 1
114820 1
122192 0
46075 1
94537 0
95926 0
37875 0
103893 0
39774 1
70566 1
56762 1
95533 0
37668 0
64577 0
68288 1
71018 0
116963 0
128119 0
120587 1
171165 1
28846 1
46476 1
171053 0
144837 0
42307 1
86264 0
39681 0
221510 0
59538 1
87454 0
45680 0
128409 1
109237 1
72824 1
88968 0
76836 1
108807 0
182526 0
48034 0
131826 0
70191 1
94908 1
102865 1
90953 1
95168 0
112064 1
63066 0
235107 0
192427 0
97830 0
121474 0
27913 1
45054 0
103893 0
180132 1
375797 0
96369 0
62281 1
63900 1
47293 1
141510 0
203557 1
138985 1
77720 1
75774 0
133674 1
65380 0
155250 1
108456 1
99852 1
141119 0
75671 1
61184 0
69971 1
157328 1
62107 0
27428 1
84946 0
21975 1
177599 0
393644 0
153684 0
69546 1
172294 0
112703 0
62788 1
52188 1
126626 0
74927 0
266626 0
113583 0
114752 0
48444 1
56048 1
69371 1
155680 0
53064 1
44806 0
124125 1
124124 0
263109 0
158935 0
123515 0
224927 0
179604 1
177995 1
52513 1
71761 0
166403 0
108510 1
102793 0
107908 1
54994 1
82999 1
40612 0
163532 1
213623 1
62277 0
55024 0
246845 1
190505 0
45487 1
76957 1
102787 0
113512 1
84166 1
88312 0
112387 0
62429 0
176922 1
85938 1
119893 1
86290 1
20961 0
325708 0
57104 0
208938 0
178043 0
46770 0
75618 0
209827 1
48806 1
70203 1
258104 0
229614 0
100952 1
192788 1
60581 0
103775 0
169694 0
154134 0
28105 1
157362 0
117837 0
117295 1
76438 1
80918 0
128915 1
68346 1
154895 1
86298 1
96860 0
87121 1
93921 1
190298 1
230972 0
75960 1
116820 1
147562 0
83217 0
163346 0
88042 1
44384 1
65380 0
227642 1
93967 1
79990 0
160546 0
51319 0
117377 0
193988 0
121013 1
203131 0
115725 0
262710 0
32086 1
113791 0
73683 1
25512 0
41672 1
147718 0
119356 1
280365 0
79155 0
93268 1
158514 0
178076 1
58519 1
68346 0
100434 0
50281 0
138691 1
161142 1
107123 0
161537 0
49724 1
51350 0
58476 1
71362 1
125300 0
79087 0
426781 0
200382 0
135626 1
41290 1
46611 0
63826 1
65497 0
99732 0
221194 1
100612 0
35047 0
70782 0
239736 1
112175 0
142311 0
111154 1
139691 0
78744 1
214807 0
170654 1
110083 0
125732 1
26584 0
121329 0
121939 1
51593 1
156870 1
90650 1
68430 0
99765 1
459202 0
56495 0
41498 1
81375 0
132531 1
37286 0
80716 0
151277 0
78266 0
129222 0
61154 1
129706 0
86670 0
194248 0
71552 0
133199 0
159414 1
