43470 1
77567 1
56940 1
80093 1
81349 1
64916 1
117803 1
100958 1
177326 1
183657 1
97519 1
53054 1
151130 0
54753 0
119952 1
108947 1
54063 1
79551 1
171938 0
106993 1
186946 1
109691 0
68041 1
42167 1
91277 0
64082 0
228775 1
86541 0
78626 1
116504 0
51999 1
302192 0
153416 1
179129 0
116513 0
125550 1
119545 1
129538 1
39240 1
30530 1
58483 1
100680 1
82553 1
166541 0
50419 1
57329 1
177860 1
92134 1
53155 1
75545 0
260983 0
38104 0
56940 1
63265 1
52866 0
92109 0
76466 0
130561 0
87327 0
78600 1
99215 1
40843 1
73387 1
43145 1
99001 1
50748 1
95998 1
260832 1
97458 1
22061 1
111358 1
69728 1
108312 1
101965 1
33596 0
50359 1
49715 1
44917 0
82388 1
131029 1
98655 1
32170 1
110243 1
177433 1
61119 1
38024 1
29494 1
245560 1
61342 1
66456 1
80930 1
60331 1
68074 0
51117 1
75166 1
22133 1
69012 1
245806 1
41630 1
102996 1
40325 0
38345 0
72679 1
72660 1
146278 1
55552 1
68302 1
122825 1
82208 1
20567 1
69238 1
101171 0
91829 1
117473 1
80617 1
216202 0
62450 1
56091 0
172897 0
46890 0
90289 1
109436 1
47348 1
51025 1
147188 1
41221 1
272388 1
305114 0
56921 0
54195 1
99909 0
40607 1
44728 0
52999 1
103497 1
90090 1
38345 1
91829 1
83227 0
66170 1
495859 1
50229 1
57724 1
36598 0
63380 0
53194 0
65676 1
99179 1
234062 0
95704 1
57357 1
186011 1
71185 1
83698 0
118531 1
109165 1
32068 1
32503 1
19550 1
114917 1
73465 1
43380 1
100512 0
56496 1
118445 1
99863 1
124010 0
68649 1
76273 0
77201 1
82067 1
142786 1
45027 1
58962 1
64947 1
68067 1
56455 1
78069 0
48031 1
105688 0
28050 1
137797 1
70234 0
32146 1
339173 1
172942 1
64041 1
109082 1
129623 1
46582 0
145908 0
113838 0
124109 0
83167 0
177249 0
265211 1
59825 1
40249 1
43978 0
80349 1
91813 1
167093 0
54948 0
268062 0
113525 0
16949 1
97170 0
73500 1
96913 0
189684 0
64968 1
29982 0
45925 0
126837 0
175311 1
56839 1
265005 0
117519 1
108814 1
81248 1
140751 1
110858 0
111207 0
116029 1
53680 1
38435 1
115622 0
101401 1
88821 1
66604 1
116578 1
30540 1
152826 0
50993 0
72676 1
250846 1
81691 1
72858 1
63410 1
295974 1
88869 0
60600 0
56785 0
52672 1
83402 0
54188 0
82204 1
109278 0
195398 0
97149 1
38435 1
69628 1
222071 1
106316 0
94896 1
133920 0
49551 1
26192 1
73845 1
237432 0
115096 0
82483 0
81292 1
97149 1
63572 0
59621 1
41899 0
59971 1
212599 1
67374 1
92037 1
43037 1
100119 0
51211 1
56878 1
118301 0
45362 1
76329 1
22977 1
267458 0
146986 1
486385 0
232705 0
102276 0
69526 1
111599 1
250660 1
141477 1
120030 1
56816 1
70163 0
37428 1
192959 0
80885 1
63030 1
35291 0
114518 1
185850 0
95975 0
49341 1
69628 1
81643 1
31247 1
135401 1
189684 0
42961 0
111953 1
51966 1
110858 0
108240 1
271639 1
105863 1
51674 0
52947 0
106582 1
57250 0
109780 1
83132 1
73747 0
137286 0
167515 1
140788 1
31829 1
28066 1
96643 1
71688 1
186491 0
48435 1
85189 0
50681 1
60580 1
18531 1
48611 0
177408 0
53670 1
66056 1
124891 1
157877 1
75721 1
35231 1
115448 1
75367 0
63141 1
76423 1
131754 1
87501 1
133726 1
100504 1
123260 0
113209 1
174141 1
77905 1
86538 0
106515 1
66316 0
48973 1
94647 0
22034 1
40597 1
134125 0
62936 1
31242 0
78391 1
166356 1
190947 1
136171 0
44064 1
170054 0
72379 0
85223 0
110602 0
140830 0
77272 1
66888 0
193373 0
132315 1
99250 1
184773 1
99683 1
122117 1
52977 0
41580 0
69540 1
77665 1
64155 0
57063 1
302718 0
57672 1
96813 1
106799 0
56922 0
50247 0
117857 0
144281 0
92422 0
120869 1
189290 0
123118 1
136613 0
212011 0
66852 1
38092 1
57288 1
63559 1
69124 0
41690 0
60659 1
56674 1
196541 1
76805 1
115192 1
126409 0
103164 0
105656 0
41717 1
53158 1
83198 1
230904 0
47962 0
57851 0
182099 0
84168 1
38528 0
57681 0
88215 1
92370 0
111943 1
88367 1
44966 1
94056 1
69193 1
109636 0
65680 0
197292 1
85235 1
119537 1
75228 1
28530 1
116809 1
70253 0
139826 1
349360 0
82228 1
73666 0
49109 1
49757 1
86826 1
87176 1
53684 1
142796 0
141964 0
154974 0
93859 1
95017 0
88562 1
59731 0
58989 1
44703 1
258146 1
189874 0
129467 1
169456 0
233161 0
91271 1
98633 1
124333 0
46362 0
173250 0
75083 0
71419 1
35345 1
100610 0
145035 1
124501 0
119537 1
32000 1
69667 1
78690 0
199125 0
73415 0
66161 0
26245 0
181044 0
153094 0
100767 0
62818 1
90858 1
139455 1
25385 0
132639 1
175436 0
136258 0
176859 1
105715 1
349374 0
97411 1
53771 1
124665 1
204744 1
119427 0
51288 0
111975 0
65977 0
77883 0
59635 1
132379 1
197982 0
122075 0
188730 0
28678 1
183989 1
74852 1
172738 0
86463 0
43045 1
47278 0
103992 0
132554 0
211951 1
106033 0
122136 0
134039 0
174672 0
43533 1
138543 0
21745 0
65619 0
136132 0
30346 1
50639 1
41482 1
121858 1
169187 1
119038 1
38070 0
177901 0
129666 1
163423 0
91389 1
104388 0
102080 1
69525 1
41290 1
54883 1
225210 1
45034 1
260581 1
81244 0
154986 0
157990 1
57561 0
196495 1
74364 0
84565 0
107076 1
111538 1
144975 1
85429 0
101462 0
50790 0
42215 1
40259 1
99630 0
160004 0
57214 0
100331 0
104625 0
60988 0
68750 1
90569 1
80677 1
83807 0
55783 1
120900 0
126827 1
184861 0
86504 0
48512 1
33278 1
212138 0
61692 0
39206 0
94080 1
114025 1
74582 0
96684 0
59975 1
74456 0
106577 0
77641 1
202515 1
112499 0
19273 1
66214 0
25474 1
170743 0
71026 0
76144 1
58448 1
83054 1
61292 0
139345 1
90823 1
229871 0
60257 1
210825 0
249599 0
93545 0
106540 0
71039 0
88107 1
70980 0
67792 1
64577 0
353530 1
40948 1
264301 0
40116 0
276573 0
83866 1
215870 0
53339 1
121759 0
57834 0
74049 1
239894 0
65168 1
103969 0
62438 0
90645 0
102080 1
100073 0
66514 1
334797 0
92576 1
74487 1
140614 0
55070 0
129849 0
211656 1
101173 0
40120 1
198735 1
56409 1
194428 0
52994 1
89981 1
109748 0
42936 0
83249 0
56170 1
66252 1
74928 1
96963 0
35009 0
69388 0
76152 1
91543 1
214412 0
150340 0
158275 1
172830 1
42420 0
46241 1
203185 1
98874 0
43053 1
62844 0
41915 0
143864 1
74470 1
98741 1
77248 1
115230 0
97599 1
84208 1
80473 1
57657 0
75397 1
64325 0
52606 0
150397 1
77221 1
67522 0
84022 1
174954 1
133979 0
322270 1
74702 1
279699 0
172657 0
108577 0
114220 0
39206 1
41690 0
83249 0
354387 1
188928 0
74973 0
81361 1
85450 1
84373 1
113160 0
269334 1
137280 1
46608 1
102135 0
138246 1
72426 0
152944 1
82967 1
84555 1
121389 0
51408 1
69775 1
64923 1
309188 1
71186 1
33605 1
65260 1
29723 1
159063 0
210229 0
152074 0
52999 1
147863 0
98579 0
58404 1
80191 1
175727 0
52379 0
465022 0
104421 1
100961 0
73826 1
74222 1
66797 1
249777 0
85066 1
40344 0
89075 0
126283 1
139863 1
106520 0
98029 0
218325 0
157721 1
123641 1
74886 1
47067 1
216290 0
86241 1
63983 0
62809 1
68181 1
102294 1
71256 0
129699 0
186670 1
55947 0
53427 0
183845 1
150525 1
32680 1
69086 1
117074 0
65615 1
95727 0
146164 0
90548 0
92265 0
114170 1
69024 1
134132 1
88199 1
28747 0
386911 0
70416 0
90045 0
123512 0
49410 0
112355 1
277455 0
89093 1
47623 1
189197 0
256396 0
108896 1
91519 1
63003 0
93828 0
277519 0
146093 1
32719 1
101411 0
139341 0
121094 1
84112 1
63114 0
123511 1
51690 1
111536 0
121306 1
86554 0
72882 1
87259 1
211032 0
130440 1
129530 1
164184 1
138649 0
65790 0
136010 0
276257 1
53233 1
52701 0
212388 0
110395 1
233596 1
174554 0
92111 0
111352 0
295129 0
121107 0
222101 0
232943 0
120313 1
31134 1
104318 0
74880 1
39826 0
46906 1
94245 0
84399 1
243394 0
72214 0
107233 1
169401 0
238204 1
45220 1
51690 0
90229 0
55324 0
77471 1
90546 0
99578 0
113456 0
53062 1
81143 1
84035 1
77762 1
96509 1
72923 0
210657 0
156030 0
108153 0
42635 1
53215 0
65522 1
103992 0
100906 0
268668 1
86776 0
40963 0
78260 0
203647 1
59189 0
155154 0
91614 1
143547 0
119195 1
332523 0
128828 1
145194 1
128049 1
23885 0
148665 0
186442 1
68775 0
153105 0
59333 1
78082 0
76571 1
486130 0
64898 0
35881 1
48799 1
162094 1
37824 0
73151 0
186888 0
128581 0
65547 1
72829 1
182368 0
99908 0
96601 0
63398 1
126488 1
172057 1
