72045 1
73992 0
79437 1
114593 1
133048 1
60367 1
139611 1
119839 1
290648 1
211936 0
101745 1
68274 1
251171 0
93498 0
169143 1
157145 1
62207 1
140080 1
238700 0
109593 0
335576 1
194600 0
141021 0
65607 1
165630 0
106328 0
157925 1
106035 1
111221 0
254079 0
73069 1
260321 1
112249 1
230487 0
133951 1
81079 1
197608 1
146885 1
118744 1
29152 1
70470 1
93797 1
120673 1
213949 0
121789 1
90984 1
222227 1
119851 1
109678 1
89342 0
329719 0
40112 0
79437 1
75693 1
141344 0
207747 0
84729 1
288889 1
43421 1
58417 1
97574 1
65693 1
60277 1
73357 1
184738 1
100197 1
117877 1
230998 1
135792 1
34027 1
214801 1
74527 1
149655 1
139857 1
57774 1
51040 1
43558 1
53972 0
116075 1
186542 1
155047 1
45703 1
153186 1
273616 1
86088 1
91811 1
63186 1
358915 1
136862 1
57887 1
180691 1
145216 0
122096 0
55574 1
146209 1
35828 1
133943 1
308474 1
106947 1
115100 1
80169 0
144844 1
122050 1
73632 1
145977 1
104967 1
71523 1
205817 1
171377 1
30120 1
161633 1
212406 0
110121 1
91919 1
160184 1
202114 0
88020 1
107290 0
309123 0
96951 0
140102 1
53325 1
73270 1
57811 1
231610 1
38498 1
238862 1
320919 0
120975 0
75122 1
166942 0
58852 1
59941 0
79973 1
246501 1
134839 1
144844 0
110121 1
222028 0
154875 1
316106 1
71485 1
92664 1
50935 1
95915 0
74686 0
114813 1
116945 0
355862 0
124636 1
59601 1
393504 1
180081 1
173302 0
109495 1
115502 1
54382 1
98245 1
53258 1
56697 1
53918 1
31395 1
161800 0
72730 1
154517 1
102561 1
212251 0
97926 1
110504 1
52448 0
142041 1
120297 1
91331 1
80520 1
145432 1
82532 1
75410 1
87656 0
80714 1
117237 0
63533 1
110760 1
78874 0
38692 1
241988 1
167025 1
70739 1
284725 1
287166 1
118971 0
238097 0
156830 0
131405 0
195595 0
143648 1
176685 1
93806 1
40023 1
88370 1
104428 1
65513 1
180612 0
53118 0
266921 1
286118 0
59345 1
152734 0
80118 1
253523 0
231139 1
113292 1
55847 1
70586 0
290381 0
225952 0
59684 1
240803 1
170782 1
135745 1
92722 1
155261 1
193061 1
165707 0
80865 1
47542 1
75546 1
163205 0
86714 1
136128 0
84182 1
180003 1
52806 1
135168 1
117418 0
76008 1
128587 0
255876 1
78745 1
129142 1
246887 1
120377 0
116261 0
68024 0
148697 1
99679 0
74334 0
110589 1
162568 0
178709 0
171456 1
75546 1
98523 1
165896 0
249534 0
108588 1
218770 0
34515 1
76066 0
58190 1
249505 0
66727 0
87333 0
85283 0
171456 1
142747 0
123041 1
170745 0
82753 1
323067 0
124969 1
91342 1
72665 1
118491 1
69626 1
147067 1
304776 1
42853 1
121284 1
37581 1
238479 1
176539 1
327478 0
525447 0
128121 1
137827 0
222710 0
254663 1
87431 1
158621 1
57403 1
92420 1
70472 1
561342 0
107744 0
115685 1
64757 0
260342 0
245474 1
121298 0
89507 1
98523 1
116541 1
41961 1
99227 1
231139 1
112152 0
192971 1
56984 1
193061 1
122105 1
260669 1
196328 1
146478 0
82058 1
253323 1
113620 1
103109 1
74874 1
183579 1
181495 0
434985 1
130151 0
32834 1
37260 1
154819 1
168685 0
221541 0
59234 1
110193 0
58906 1
87586 1
66001 1
111051 0
240501 0
72362 1
94469 1
133309 1
194344 1
82003 1
63948 1
133304 0
150988 0
100744 1
157859 1
185919 1
147311 1
147332 1
274897 1
145160 1
114711 1
166218 1
87439 1
145122 1
130307 1
109493 0
60838 1
136655 0
37556 1
56075 0
127454 1
73633 1
54495 1
63805 0
200616 1
195038 0
251216 0
56935 1
238292 0
167497 0
88572 1
117535 1
201712 1
125991 1
96066 1
249804 0
175596 0
130432 1
288000 1
156947 1
212676 1
175395 1
65815 0
106438 0
86013 1
181440 0
64451 1
218281 0
145900 1
171960 1
226508 0
161688 1
163611 0
150877 0
152975 0
213117 1
200304 1
315398 0
164692 1
214458 1
195513 0
116155 1
62911 1
74051 0
68698 1
117518 0
63769 0
85318 1
137207 1
129569 1
188563 1
239089 1
199568 0
160713 0
175423 0
74135 1
68364 1
83547 1
154439 0
176289 0
61031 0
179492 1
123059 1
65231 1
141644 0
335796 1
115661 0
118917 1
148950 1
29861 1
98804 0
94729 1
247807 0
231614 0
458080 0
158976 1
236163 0
76528 0
38292 1
215797 1
114571 0
218826 1
309193 0
170996 0
80135 0
160171 1
81125 1
138102 1
162582 0
107763 1
177860 0
189662 0
201486 1
67040 1
205012 0
137510 1
80637 0
100885 0
109552 1
295572 1
169300 0
172185 0
95358 1
329259 0
112597 1
129909 1
380199 1
77521 0
569137 0
158173 1
74329 1
32059 1
68794 0
252293 1
140802 0
236163 0
63636 1
83103 1
109422 0
282923 0
134938 0
93548 0
48446 1
195965 0
116796 0
151510 0
93329 1
123898 0
165797 1
49758 0
236366 1
129193 1
316152 0
260140 1
248492 1
461953 1
239929 0
40736 1
175957 1
320042 1
193374 0
74150 0
121646 0
150321 0
79111 0
69588 1
80861 1
247898 0
172485 1
539422 0
59041 0
177936 0
171979 1
246981 0
90128 0
47634 1
101201 0
138336 0
213706 0
219304 1
133076 1
146155 1
134982 0
263564 0
70413 1
195682 0
74751 1
139262 1
175597 0
47401 1
96021 0
50939 1
427977 1
221983 0
222660 0
57671 0
217464 0
170821 0
229308 0
155042 1
162342 1
154439 1
92770 1
95978 1
59270 0
436713 0
96277 1
178169 1
249965 0
184959 0
209415 1
78766 0
217902 0
81937 1
241351 0
268131 1
94209 1
177486 1
138156 1
147429 0
125416 0
57577 1
53301 1
183519 0
247784 0
109094 1
245773 0
114063 0
98754 0
62209 1
137641 1
64540 1
189908 1
174678 1
138858 0
190538 1
188847 0
158640 0
140477 1
80936 1
263788 0
155463 1
36413 0
166445 1
120067 1
174942 1
250252 0
77897 1
104243 1
122008 0
92736 1
361873 1
153310 0
52294 1
67739 0
62720 0
428615 1
105866 0
132598 0
63600 1
122709 0
91473 1
140363 0
273985 0
333164 1
101428 1
268425 0
206921 0
92471 0
138725 0
90439 0
184083 1
90816 0
91088 0
93869 0
389333 1
62476 1
331508 0
187355 0
250900 0
224562 1
209807 1
172485 0
174594 0
90644 0
62447 1
295701 1
224667 0
197187 0
136582 0
184602 0
154439 1
135873 0
121866 0
367318 0
65460 0
86082 1
240761 1
111670 0
156527 0
397502 1
120628 1
110537 0
283294 1
170804 1
117380 1
96325 1
154031 1
142379 0
88137 0
249151 0
82527 1
80104 0
134034 1
154383 0
71480 1
162954 1
106008 1
147716 0
160972 0
304711 0
144066 1
193622 1
46527 0
69161 1
177169 1
187551 0
54384 1
82891 0
127597 0
171275 1
45318 1
145642 1
87860 0
165732 1
119251 0
165703 1
135043 1
85250 1
135919 1
174245 0
151081 1
245292 1
132481 1
106841 0
106167 1
152735 0
200604 0
238336 1
107371 0
283893 0
429288 0
237309 0
99668 1
36413 1
63769 0
249151 0
307700 1
615447 0
109678 0
104650 1
112547 1
67070 1
151037 0
254192 0
227244 1
137540 1
171691 0
182812 1
48017 0
248828 0
143510 0
165953 1
180909 0
147482 1
139332 0
91704 1
202235 0
72862 1
30818 1
89940 1
62044 1
336275 0
695400 0
274507 0
81454 1
172789 0
187806 0
81122 1
92441 1
273193 0
109204 0
420242 0
176387 1
150393 0
103384 0
104857 1
106779 1
219270 0
87128 1
103736 1
164132 0
167873 0
339293 1
176273 1
231151 0
271940 0
271639 1
281965 1
73477 1
117595 0
222708 0
191675 1
212614 0
101872 0
76368 1
143488 1
87475 0
238783 1
494810 1
103027 1
78667 0
346732 1
333620 1
64580 1
101218 1
181587 0
239421 1
119048 0
239129 0
138936 0
130166 0
219043 1
172803 1
98898 1
198331 1
60906 0
485902 0
76609 0
223165 0
204261 0
54846 0
96953 0
375102 0
72691 1
84301 1
255940 0
221600 0
126803 1
221667 1
64470 0
178799 0
248769 0
344541 0
55864 1
173149 0
222636 0
175988 0
73154 1
139395 0
161548 1
105184 0
183542 0
113271 1
127614 0
176975 1
243758 1
357879 0
240082 1
87172 1
144607 1
217341 0
119449 0
183262 0
79858 1
44085 1
99061 0
240727 1
196548 1
256867 1
277443 0
123020 1
187731 0
364853 0
189684 1
244916 1
394402 1
109730 1
42838 1
176511 0
127484 1
45493 0
45982 1
190408 0
184213 0
475581 0
105751 0
96412 0
191341 0
408541 1
48787 1
105184 1
181037 0
127701 1
165263 1
116530 1
143201 0
89008 0
69013 1
126177 0
82436 1
94859 1
82413 1
101228 0
455656 0
225149 0
160663 1
44009 1
99406 0
135059 1
158124 0
159172 0
353407 0
179201 1
51266 0
122150 0
279332 1
183212 0
146268 0
190572 1
284052 1
122853 0
273427 0
152338 1
182808 0
155212 1
30913 0
134379 0
222294 0
85433 1
380379 1
72860 0
146093 1
94987 1
434960 1
133973 0
83573 1
69655 1
344164 0
101443 0
229633 0
177136 0
194963 0
85468 1
64935 1
212712 0
112226 0
193820 0
95114 0
196902 0
187759 1
