179354 1
64181 0
96848 1
131643 1
113456 1
70907 1
110148 1
107477 1
243544 1
168122 1
95658 1
65906 1
204228 0
85465 0
119784 1
100618 1
47117 1
120504 1
283353 0
95128 0
245389 1
226537 0
127089 1
56805 1
231800 0
81210 0
164509 1
121871 0
101029 1
120371 0
61590 1
259681 1
102131 1
234002 0
120700 1
72112 1
92369 1
206252 1
79774 1
34885 1
72887 1
90967 1
72488 1
165582 0
79909 1
78629 1
203131 1
71804 1
100972 1
72878 0
451311 0
34872 0
96848 1
81987 1
63770 0
226285 0
82684 1
177112 0
62431 0
82592 1
103463 1
61164 1
60106 1
76894 1
199980 1
96896 1
83054 1
314267 1
141716 1
41591 1
112713 0
72967 1
180861 1
135443 0
58317 1
22529 1
47181 1
44982 0
90296 1
163292 1
145860 1
37248 1
121925 1
204175 1
76412 1
46740 1
61142 1
284306 1
112119 1
49476 1
143593 1
157497 1
103892 1
54938 1
83975 1
30897 1
133537 1
94961 1
88557 1
100145 1
70713 0
113763 1
135822 1
72808 1
158675 1
79811 1
99219 1
278923 1
178989 1
30656 1
189728 1
177662 0
94968 1
121911 1
112928 1
127750 0
117461 1
109637 0
186332 0
104297 1
98019 1
45252 1
52559 1
54456 1
213567 1
24806 1
289856 1
386360 1
94370 0
65966 1
160713 0
44096 1
52037 0
74133 1
201596 1
100308 1
113763 0
94968 1
153464 0
246668 1
172435 1
209118 0
113056 1
67224 1
85524 0
58398 1
82808 1
156592 0
201654 0
124084 1
43184 1
207971 1
140406 1
138567 0
82961 1
63041 1
50270 1
96069 1
41227 1
62756 1
39037 1
26847 1
142796 0
71078 1
84783 1
185871 1
141062 0
109529 1
118800 0
50143 1
149488 1
113561 1
98520 1
69035 1
109939 1
64246 1
81612 1
89430 0
58197 1
109074 0
39902 1
113192 1
70233 1
39671 1
232041 1
191670 1
53357 1
167312 1
242199 1
71066 0
265109 0
121125 0
164364 0
149842 0
201710 1
178559 1
67759 1
29611 1
59955 0
85743 1
58032 1
238834 0
47530 1
251952 1
247883 0
63478 1
139764 0
85647 1
180403 0
358289 0
96405 1
55692 1
70401 0
212033 0
173674 0
147357 1
390324 0
169574 1
130663 1
77504 1
227596 1
108081 1
134602 0
71761 1
41554 1
57003 1
195602 0
154490 1
112090 1
75616 1
189782 1
39287 1
152395 0
95478 0
64051 1
127050 0
132212 1
77320 1
115600 1
360778 1
110821 0
110673 0
66214 1
138532 1
93349 0
63005 1
137372 1
165597 0
198758 0
150976 1
57003 1
116629 1
227006 1
254669 0
97362 1
190357 0
23095 1
44905 1
52294 1
251340 0
71678 0
70071 0
128379 1
150976 1
141505 0
158909 1
138626 0
69738 1
237932 1
85706 1
65848 1
55447 1
109571 0
64616 1
173321 0
295536 1
42122 1
83380 1
33692 1
244539 0
235036 1
224881 0
580502 0
149499 0
68205 1
216649 0
229875 0
80889 1
124373 1
65869 1
92328 1
46308 1
261415 0
89053 0
77784 1
57399 0
222032 0
229772 0
112882 0
80258 1
116629 1
108243 1
36521 1
143101 1
358289 0
78505 0
171851 1
51307 1
108081 1
100194 1
165404 0
151081 1
108791 1
62244 1
151272 1
85934 1
96616 1
80951 1
180902 0
93473 0
291996 0
200760 0
33086 1
36673 1
145633 1
100235 1
245261 0
54289 1
100268 0
45535 1
107808 1
31131 1
135262 0
278113 1
82803 1
66756 1
97436 1
140309 1
68001 1
58792 1
225622 0
123645 0
74911 1
140396 0
141924 1
111341 1
120552 1
103171 1
203951 0
85441 1
237976 1
74680 0
77987 0
167267 1
80347 1
40294 1
100694 0
29996 1
70192 0
113763 0
49629 1
45609 0
57757 1
170017 1
296652 1
198282 1
94324 1
271353 0
128199 0
78865 1
87349 0
221750 1
89304 1
66498 1
287315 0
123123 0
121519 1
287832 1
175354 1
235973 1
96731 1
55372 0
103663 1
102826 0
129366 0
77602 1
259646 0
72044 1
100916 1
204682 0
104883 1
155404 0
125140 0
206943 0
118077 1
182726 0
225679 0
130550 1
130505 1
222319 0
124095 1
43254 1
95632 1
52413 1
90996 1
46599 1
84329 1
109556 1
79434 1
103665 1
182490 1
141476 0
118876 0
158349 0
45594 1
70761 1
96770 1
167507 0
152046 0
55274 0
179749 0
105091 1
61297 1
111621 0
293668 1
134632 0
117538 1
129657 1
32623 1
75149 1
100310 1
150948 0
154356 0
400824 1
203528 1
269712 1
69241 1
38121 1
162684 1
82908 0
232475 1
318400 0
148637 0
83509 0
83931 1
80401 1
114423 1
139740 0
91340 1
217298 1
133118 1
134586 0
76052 1
208463 0
109464 1
111024 0
77334 0
108064 1
304031 1
173781 0
157534 0
137115 0
259879 0
96991 1
134248 1
311857 0
87599 1
171059 0
125271 1
80232 1
27967 1
54397 0
155958 1
171361 0
269712 1
60881 1
90611 1
166786 0
152657 0
106360 0
90859 1
39930 1
281451 0
140284 0
114050 0
100295 1
100021 0
102689 1
41961 0
200977 1
153389 1
326274 0
313206 1
182777 1
563440 1
137240 1
30220 1
266128 1
247559 1
201378 0
83585 1
119733 0
71065 0
67870 0
66198 1
130145 1
290382 0
118340 0
344550 0
81398 0
238681 0
102482 1
326181 1
81083 1
48574 1
72169 1
128006 1
234533 0
173137 1
117497 1
139298 1
272814 0
184898 0
71214 0
163242 0
24688 0
103113 1
199204 0
49597 1
108960 1
53132 1
151503 1
231631 0
132804 1
109052 1
187045 0
230164 0
181729 0
116656 1
121073 1
106561 0
79808 1
98217 1
48528 0
568046 0
107437 1
299738 1
211904 0
172803 0
181317 1
109500 0
167033 1
71706 1
161117 0
133225 1
77758 1
200042 1
147027 0
97369 0
121578 0
45181 1
53553 1
102755 0
170599 0
83127 1
235043 0
102235 0
83911 0
65614 1
166433 1
86675 1
160724 0
122430 1
94000 0
145761 1
164227 0
196264 1
95729 1
64643 1
311736 0
122010 1
37047 0
125413 1
112990 1
112799 1
214710 0
68825 1
106980 1
151292 0
121532 1
233988 1
132623 0
21951 1
59466 0
31375 1
240409 0
76760 0
104318 1
67817 1
83676 1
135287 1
140272 0
128678 1
345370 1
66979 1
277104 0
170090 0
69609 0
222289 0
127182 0
102479 1
125969 0
105966 0
69730 0
255851 1
44286 1
197428 0
151950 0
193317 0
162505 0
314231 0
157627 0
184182 0
75165 0
63283 1
279154 0
120008 1
172920 0
91842 1
152493 0
106561 0
143507 1
125484 1
326198 0
55242 0
54999 1
241668 0
70316 0
178956 0
273578 1
160620 0
84795 1
269701 1
197220 1
128209 1
54811 1
107909 1
162147 0
62212 1
200581 0
63361 1
59556 1
97405 1
90322 0
58527 1
81066 1
87574 1
97076 1
127366 0
183748 0
206544 1
119934 1
34428 0
47205 1
142750 1
178180 0
41394 1
109362 0
139492 0
104916 1
38385 1
153664 1
60423 0
164602 1
104447 1
119717 1
110764 1
89338 0
95128 1
106497 0
106998 0
182837 1
93014 1
113590 1
88949 1
85980 0
172886 0
269225 1
71894 1
287240 0
311044 0
166461 0
156755 0
37047 1
46599 1
200581 0
294688 1
269723 0
113793 0
68660 1
131394 1
49588 1
131155 0
278599 1
212407 1
106622 0
102036 0
205655 1
52994 0
207366 0
175259 1
165521 1
244277 0
131080 1
145524 1
113240 1
314392 1
77643 0
45315 1
81230 0
61200 1
200449 0
634102 0
288305 0
98059 1
174503 0
155465 0
113655 1
88937 1
227461 0
103253 0
319185 0
212342 0
137760 0
58241 0
135205 1
115937 1
230141 1
77179 1
82315 0
131091 0
155728 1
224695 0
127250 0
237378 0
219075 0
150626 1
423577 1
68858 1
88726 1
206941 0
228023 1
138715 0
119112 1
82123 1
138957 1
85280 0
306757 1
369309 1
97507 1
52724 0
362005 0
228964 0
30850 1
49537 1
160462 0
227523 1
128672 1
174055 0
131181 0
124957 0
158614 1
147020 1
123742 1
122399 1
51658 0
362709 0
69229 0
375151 0
197972 0
35076 0
121132 0
266154 1
55216 1
76105 1
234838 0
220730 0
163610 1
151734 1
77715 0
124289 0
289550 0
179552 1
33245 1
136188 0
145422 0
246422 0
52916 1
116956 0
167326 1
153506 0
132586 0
108468 1
90333 1
97709 1
111550 1
407061 1
164765 0
69792 1
120392 1
253820 0
124137 0
219073 0
65692 1
48329 1
89730 0
280841 0
96977 1
180635 1
164004 1
151714 1
135126 0
360527 0
157570 0
195135 0
326153 0
170104 1
59685 1
191917 1
94079 1
44252 0
34906 1
125229 0
181995 1
419038 0
71404 0
94897 1
119433 0
305484 1
68295 1
153506 1
335625 0
107706 0
161957 0
101645 1
131015 0
98854 0
66929 1
115768 0
76612 1
74388 1
120257 1
108713 0
287410 0
221604 0
208716 1
39331 1
69174 0
112642 1
159707 0
163225 0
236613 0
179035 0
34632 1
113270 0
215249 1
177636 0
192489 0
135979 1
180702 0
97892 0
226741 0
153087 0
149677 0
112090 1
56186 1
134725 0
209183 0
42115 1
283998 1
58534 1
113658 0
79200 1
402935 0
101662 0
89682 1
67304 0
287278 0
106845 0
146068 0
200489 0
202874 0
127788 0
94308 1
232615 0
99797 0
119911 0
87340 1
165670 0
158235 1
