94942 1
78376 0
90762 1
112111 1
133649 1
74871 1
223028 1
121834 1
285063 0
235987 1
90317 1
89854 1
324514 0
109473 1
199544 1
132312 1
65675 1
190089 1
193749 1
196901 0
296809 1
289358 0
164497 1
74029 1
135842 0
97787 0
171470 1
150344 0
104050 0
130382 0
85632 1
414744 0
257985 1
219031 0
152914 1
111443 1
233604 1
202517 1
91655 1
36851 1
87233 1
103788 1
89569 1
194142 0
118384 1
125712 1
295741 1
116511 1
120050 1
138140 0
385002 0
56004 0
90762 1
102110 1
59391 0
318902 0
80291 1
144025 0
68847 0
93434 1
89169 1
84575 1
59724 1
99950 1
229021 1
98681 1
139625 1
362806 1
156838 1
47489 1
153070 0
77052 1
176691 0
130366 0
56623 1
31584 1
54498 1
97447 0
121051 1
169753 1
184550 1
53712 1
142880 1
230346 1
66061 1
61582 1
92946 1
410329 1
140410 1
50251 1
179390 1
66216 1
89069 0
85973 1
151643 1
54928 1
163694 1
260464 1
110192 1
145388 1
103041 0
104966 1
144739 1
85445 1
175889 1
90914 1
102996 1
344420 0
340333 1
34439 1
215292 1
158736 0
156166 1
100355 1
195720 1
223713 1
101989 1
130237 0
254765 0
149388 0
139720 1
81309 1
78445 1
80766 1
143725 1
35932 1
244757 1
358663 0
145670 0
70245 1
179302 0
74060 1
75068 0
107094 1
196630 1
146316 1
104966 0
156166 1
156744 0
188621 1
255336 1
143536 0
97476 1
77303 1
83009 0
86736 0
102304 1
87486 0
293927 0
106034 1
52354 1
296522 1
206760 1
275418 1
109639 1
125706 1
46184 1
105560 1
39621 0
66061 1
55905 1
35518 1
148055 0
54504 1
128719 1
112764 1
216172 0
95795 1
86819 0
124094 1
190734 1
186252 1
99311 1
90304 1
275625 1
76859 1
138146 1
91393 0
56197 1
136523 1
46564 1
180518 1
117334 1
52036 1
294587 1
269967 1
74124 1
246158 1
257646 1
118081 0
239591 0
147073 0
149170 0
182969 0
270556 0
226638 1
98352 1
42912 1
70029 1
84838 1
81107 1
234299 1
70459 0
401524 0
199287 0
52587 1
149277 1
133936 1
217148 0
439751 1
97813 1
58267 1
136444 0
211788 0
207047 0
74363 1
558747 0
176658 1
110384 1
113135 1
161927 1
147953 1
162427 0
130194 1
47487 1
81224 1
205234 0
198546 1
111082 1
97497 1
234042 1
56840 1
200469 1
137469 0
82977 1
179726 0
182229 1
108791 1
141000 1
324825 1
141097 0
156564 0
75671 0
165133 1
111905 0
72210 0
157176 1
227592 0
257439 0
163238 1
81224 1
120402 0
339848 1
265012 0
97016 1
255057 0
33756 1
62677 0
40329 1
147061 0
65736 0
104999 0
94461 1
163238 1
253609 1
153455 1
200403 0
65033 1
371464 1
102944 1
76376 1
80573 1
143119 1
67684 1
187646 1
309617 1
47444 1
73853 1
41463 1
280041 0
181076 1
233312 0
646462 0
153882 0
175818 0
154723 1
292917 1
98254 1
182806 1
63869 1
112670 1
63550 1
486139 0
117243 0
112270 1
60616 0
214909 1
211050 1
137271 0
87527 0
120402 0
134667 1
73281 0
131319 1
439751 1
115802 0
141638 1
79172 1
147953 1
62949 1
249524 1
183062 1
80018 0
92444 1
215657 1
116976 0
141576 1
140656 0
209489 1
129016 0
366442 1
114517 0
38201 1
35882 1
145990 1
132440 1
249964 0
86493 1
93856 1
66175 1
102106 1
86885 1
131377 0
228101 1
77650 1
68317 1
108047 1
197310 1
69770 1
55714 1
218447 0
144268 0
112738 1
189146 1
133518 1
187288 1
178397 1
205951 0
227823 1
159120 1
321315 1
117570 1
144284 0
211146 1
100786 1
54298 1
111691 0
47966 1
80806 0
108055 0
80532 1
53788 0
75551 1
226350 1
227733 0
224649 0
79821 1
287686 0
107827 0
78705 1
103606 1
220953 0
117886 1
114738 1
242299 0
144386 0
143222 1
245043 1
165240 1
253526 1
134670 0
88269 0
104717 0
100241 0
114874 0
61523 1
341475 1
145091 1
130861 1
216909 0
109109 1
193911 0
181739 0
143781 0
138227 1
325219 1
242661 0
181860 1
189983 1
257284 0
123769 1
44787 1
118710 1
98349 1
87555 1
45498 1
106139 1
238106 1
120364 1
236885 0
192270 1
228421 0
151406 0
224666 0
70487 1
93728 1
120317 1
251525 1
379223 1
74670 0
205295 0
134535 1
53032 1
98993 0
254205 1
146793 0
182537 1
117822 1
33673 1
89264 0
98939 1
167038 0
155956 0
447883 0
159021 1
317997 1
53081 1
52391 1
224933 1
130605 1
260472 1
256271 0
214477 0
118014 0
120816 1
112590 1
126574 1
168706 0
135592 1
304271 1
215499 1
197028 0
72875 1
260601 0
163687 1
108372 0
75218 1
108641 1
385404 1
267281 1
141286 0
133626 0
334253 0
133311 1
146059 1
355663 1
96216 1
247337 0
146534 1
105871 1
51775 1
89654 0
152205 1
157954 0
317997 1
60516 1
106885 1
95043 0
366768 1
120103 0
74611 0
43737 0
177329 0
139509 0
139902 0
93333 1
148258 0
139987 1
45546 0
296639 1
250152 0
250636 0
263581 1
254658 1
539159 1
198647 1
67107 1
227231 1
351708 1
188673 0
98133 1
125759 0
170118 0
73511 0
89552 1
94199 1
151497 0
217663 0
496871 0
67395 0
301259 0
180098 1
392021 0
86320 0
56283 1
71696 0
222541 1
313181 0
186529 1
159660 0
183333 1
315104 0
260011 0
66930 1
234074 0
51547 1
189864 0
208411 0
62941 1
76389 1
67848 1
179828 1
167974 0
143963 1
93477 0
250433 0
147839 0
258738 0
169527 1
150891 1
169972 0
95941 1
77193 1
56045 0
483219 0
104810 1
346181 1
155676 0
193163 1
229170 1
109451 0
155810 1
87187 0
236098 0
127079 0
117898 1
206922 1
139208 0
125903 0
128199 0
50248 1
70255 1
154845 0
185562 0
78609 1
331016 0
140096 0
81809 0
64706 1
271988 1
116528 1
136632 0
136736 1
92840 0
169909 1
160996 0
204156 1
112093 1
68499 1
317517 0
218102 1
85038 0
187098 1
131517 0
165944 1
215737 0
111761 1
189913 1
184663 0
124099 1
402462 1
183877 0
27211 1
85423 0
37135 1
432457 0
111664 1
82029 1
69621 1
111052 1
110285 1
128668 0
135130 1
574652 0
69839 1
253465 1
203663 0
118892 0
215248 0
112295 0
140221 1
95526 1
113278 0
128024 1
347441 1
61818 1
251827 0
159056 0
244267 0
147263 1
339640 0
143049 0
144753 0
83138 0
83017 1
341257 0
159138 1
292144 0
116744 1
195076 0
169972 0
113801 0
219138 1
450601 0
116903 0
92412 1
295784 0
85216 0
238003 0
408366 1
119641 0
91342 1
312495 1
232938 1
220605 1
128463 1
135413 0
168598 0
89071 1
172961 0
105725 0
94339 1
111584 1
192408 0
122004 1
149100 1
108952 1
155660 1
114566 1
316377 0
163751 1
178171 1
46604 0
60189 1
268578 1
194623 0
67078 1
148422 0
155810 0
244535 1
74238 1
179953 1
54908 1
150124 1
151447 1
111069 1
106111 0
102817 1
160091 0
122434 0
131145 0
290815 1
110953 1
133481 0
116728 1
134332 0
326975 0
358269 1
103566 0
341850 0
351602 0
196811 0
255911 0
85038 0
45498 1
172961 0
295142 1
605327 0
115159 0
80129 1
140582 1
88416 1
141697 0
224411 0
263664 1
144047 1
192667 0
228697 1
56280 0
199631 1
171981 1
145563 1
252275 0
135295 1
141385 0
87731 1
281477 0
96747 1
67865 1
131405 1
88349 1
334881 0
772262 0
338152 0
141272 1
224112 0
179453 0
177584 1
101926 1
288701 1
121049 0
462091 0
230950 0
166936 0
94297 1
106536 1
126807 1
254284 0
113198 1
102019 0
227719 0
159396 1
480643 0
141063 0
294923 0
406654 0
252976 1
317114 1
123115 1
106340 0
328258 0
175506 1
113699 0
116703 0
88164 1
165107 1
112070 0
279454 0
490847 1
127275 1
94749 0
507624 1
338005 1
64411 1
130857 1
234196 0
246603 1
108196 0
286841 0
205611 0
206590 0
266900 1
207491 1
124898 1
206066 1
69283 0
539160 0
59543 1
219880 0
329260 1
43996 0
148891 0
203076 0
70892 1
87138 1
275095 0
227810 0
228336 1
130894 1
85951 1
225461 0
429077 0
271231 1
45181 1
192319 0
278069 0
184424 0
96229 1
123011 0
189393 1
121183 1
94939 0
113723 1
123919 0
117270 1
219073 1
506340 1
235274 0
98964 1
238352 1
252161 0
136611 0
209409 0
99207 1
63024 1
79365 0
275849 0
134395 1
255870 1
226628 0
156573 0
191191 0
495150 1
284761 1
221564 1
387533 0
127620 1
70732 1
179448 1
123664 1
52716 0
51337 1
195284 0
182009 1
794860 1
88535 0
137722 1
189399 0
172571 1
45062 1
121183 0
204423 0
118856 0
206905 0
122440 1
155522 0
97528 0
110970 1
171738 0
94429 1
134651 1
102097 1
105600 0
348593 0
286605 0
199532 1
35220 1
84368 0
115573 1
191715 0
181342 1
393393 1
187057 0
37644 1
129777 0
445595 1
175893 0
174266 0
204088 0
276050 1
106571 1
447153 0
247000 1
201726 0
159607 1
69641 1
175783 0
163933 1
73835 1
331220 0
65072 1
118440 0
124120 1
412141 1
117597 1
103820 1
96304 1
315577 0
104851 0
163458 0
278394 0
188033 0
146423 0
113187 1
201890 0
114736 0
205766 0
115349 1
213067 0
256642 1
