57588 1
53593 1
80492 1
78496 1
113476 1
84544 1
115757 1
150365 1
210186 1
211428 1
157901 1
58642 1
205218 0
84137 1
124279 1
130495 1
45430 1
97769 1
234098 1
134910 0
114094 1
136828 0
87390 1
53724 1
88269 0
67521 0
153573 1
139984 1
126745 1
163821 0
69138 1
159090 0
111794 1
173114 0
87176 0
124592 1
138092 1
185675 1
46379 1
49791 1
101507 1
83566 1
112686 1
131542 0
57934 1
71915 1
158996 1
89289 1
63581 1
89841 0
380045 0
38745 0
80492 1
75827 1
62864 0
142131 0
70676 0
260497 1
94029 1
126476 1
113167 1
55465 1
78066 1
49805 1
113505 1
82031 1
106213 1
228188 1
123616 1
39527 1
104933 1
80230 1
85517 1
189762 0
33608 0
82377 1
56081 1
36883 0
82414 1
125398 1
87586 1
46079 1
91459 1
175708 1
59258 1
70372 1
28207 1
117317 1
82200 1
85818 1
119404 1
88693 1
83722 0
51354 0
69787 1
36470 1
110187 1
119193 1
44281 1
113226 1
50214 0
98568 1
76450 1
84799 1
158064 1
42217 1
71456 1
331269 1
96571 1
25527 1
79599 1
204119 0
119431 1
73159 1
161353 1
205859 0
62984 1
69220 0
126761 0
69395 0
96731 0
103663 1
75279 1
55620 1
156556 1
49102 1
248877 1
146178 0
86599 0
64562 1
101288 0
44890 1
62872 0
59821 1
148954 1
127044 1
98568 0
119431 1
171308 0
122810 1
310700 1
126033 0
119947 1
46370 0
79736 0
65562 0
79181 1
150744 0
170919 0
84126 1
29761 1
154578 1
121149 1
78046 0
72895 1
128306 1
36321 1
48521 1
23990 1
63115 1
51951 1
53446 1
131945 0
57635 1
151055 1
128661 1
116275 0
119327 1
114644 0
119438 1
74127 1
148231 1
49520 1
76730 1
56215 1
62362 1
66372 1
95299 0
57363 1
134264 1
37398 1
101931 1
91934 0
107203 1
474638 0
212065 1
92318 0
139376 1
247179 1
81236 0
253842 0
194132 0
150343 0
127934 0
213981 0
120025 1
130805 1
50086 1
58043 0
65052 1
78734 1
205648 1
36028 1
182777 0
182861 0
24065 1
101988 0
84351 1
385093 0
284743 1
69656 1
64238 0
62268 0
163654 0
142216 0
63800 1
263750 0
131957 1
175515 1
96168 1
185217 1
142049 0
136434 0
76668 1
66064 1
38938 1
211212 0
99881 1
156082 1
113896 1
99433 1
43604 1
98657 0
78388 0
46081 1
131702 0
166796 1
92811 1
60087 0
199561 1
96524 0
120214 1
62614 0
74138 1
85075 0
69657 0
90922 1
206620 0
121827 0
169598 1
38938 1
96611 1
326523 1
95052 0
97973 1
160180 0
34194 1
26216 1
78895 1
396551 0
145991 0
129397 0
134604 0
169598 1
76234 0
82857 1
110220 0
61431 1
158711 1
93888 1
91488 1
43708 1
131026 0
62896 1
72338 1
112803 0
42570 1
105381 1
35050 1
203530 0
88159 1
79648 0
348924 0
81746 0
132474 0
104097 0
261296 1
61082 1
163756 1
50931 1
74969 1
49178 1
318124 0
158749 0
88341 1
53821 0
188632 1
256597 1
87431 0
90161 1
96611 1
74964 1
65069 1
198851 1
284743 1
39352 0
157915 1
62906 0
142049 0
115047 1
185025 0
132906 0
109650 1
76573 0
281422 1
110866 0
115782 1
103408 1
83369 0
72561 0
187152 1
125493 0
35875 1
31223 1
74298 1
124110 1
269279 0
56243 1
86020 1
88759 1
66558 1
23271 1
61445 0
173005 0
82094 1
58687 1
96213 1
98567 1
53591 1
60747 1
121328 1
129170 0
117304 1
151541 0
165905 1
150169 1
201863 1
183783 0
140668 1
127055 1
160635 1
129449 1
130703 1
135329 1
72877 0
50669 1
68529 0
27187 1
58300 1
130571 0
100484 1
42875 0
60918 0
216339 1
153881 0
161961 0
89329 0
194857 0
113663 0
84045 1
96554 1
187104 0
78850 1
74067 1
143738 0
244317 1
100079 1
161063 1
246716 1
181490 1
160018 0
75264 0
79339 0
69726 1
143694 0
45257 1
214409 0
92456 1
204036 0
121955 0
56085 1
96134 0
110279 0
170623 0
138730 0
164090 1
238601 0
112336 0
95812 0
219350 0
102926 1
42184 1
99725 1
81941 1
91488 1
73341 0
58894 1
65365 1
230374 1
84131 1
93765 1
159775 1
136400 0
134997 0
83038 1
81921 1
43845 1
165315 0
162869 0
93060 0
187743 1
98543 1
58029 0
70851 0
97278 1
159113 0
133353 1
92233 1
28117 1
104340 0
78346 1
183017 1
81871 0
286052 0
134760 1
414994 1
49633 1
34760 1
185062 1
75761 0
277556 0
270421 0
181106 0
77593 0
88372 1
104275 1
131925 1
155009 0
60829 1
153696 0
140594 0
140240 1
63170 1
357422 0
150519 1
79520 0
53926 1
52703 1
201958 0
165252 0
173112 0
108542 0
177091 1
71211 1
136837 1
335293 0
108187 1
308202 0
82488 0
172802 1
46865 1
114377 0
206413 1
126373 0
414994 1
43651 1
91204 1
80071 0
133989 0
146729 0
122159 0
30147 0
156457 0
138439 0
112849 0
75022 1
83096 0
110650 1
30694 0
186590 1
257437 1
151140 0
115376 1
180935 1
273579 1
148729 1
51106 1
172545 1
208013 1
81654 0
60926 0
122021 0
72366 0
97902 0
74009 1
99107 1
192484 0
141148 0
549300 0
39370 1
99907 0
82775 1
216293 0
117761 0
63400 1
61226 0
74667 0
205591 0
330395 1
111621 0
118710 0
175791 0
151709 0
51647 1
155269 0
39345 1
120143 0
138687 0
37648 1
72509 0
66679 1
156814 1
229877 1
123801 0
66241 0
166394 0
187545 0
344750 0
113323 1
134846 0
98091 1
74470 1
116864 1
64495 1
321847 0
49962 1
254478 1
82298 0
200080 0
203148 1
71643 0
234699 1
40394 1
88971 0
95107 1
79074 1
136126 1
96006 0
54280 0
101557 0
43840 1
57142 1
129332 0
294654 0
55002 0
127897 0
102819 0
126955 1
96797 1
121455 1
82777 1
110807 1
95458 0
131697 0
149684 1
182844 0
95611 0
59937 1
97746 1
399884 0
71141 0
46643 0
110724 1
151961 1
133452 0
120302 0
119262 1
165179 1
106673 0
88778 1
317820 1
126500 0
26424 1
58177 0
65884 1
143790 0
112520 1
70907 1
78050 1
86316 1
72597 0
192252 1
103297 0
189689 1
129034 1
274802 0
242555 0
56604 0
98043 0
82501 0
145801 1
67108 0
101748 0
84528 0
265116 1
53873 1
214760 0
48117 0
333881 0
116451 1
106079 0
59588 1
178458 0
71969 0
73739 1
198941 0
138407 1
111999 1
75303 0
139167 1
98091 1
105296 0
80186 1
327192 0
93769 1
171424 1
116681 1
87979 0
130848 0
294046 0
92960 1
96327 0
193894 1
108940 1
177255 1
61664 1
133609 1
60475 0
96208 0
139302 0
56287 1
55565 1
89152 1
125469 1
99237 0
94384 0
107601 1
113913 0
137367 0
213559 0
185486 1
177761 1
27943 1
62786 1
251041 1
125574 0
86927 1
116416 0
57826 0
137238 0
84373 1
73692 1
40176 0
216156 1
77408 1
101898 1
103027 1
174074 1
110004 1
122361 0
59244 0
179583 1
130494 1
99686 0
91557 1
195595 1
233894 0
215162 1
57438 0
287705 0
220603 0
137960 0
119154 0
46643 1
73341 0
139302 0
176003 1
702200 0
100020 0
101466 1
74710 1
92884 0
101454 0
143061 0
190859 1
92523 1
121658 0
141725 1
107870 1
178691 1
162235 0
135749 1
154930 0
77608 1
121096 0
67561 1
239732 1
93549 1
54990 1
147010 0
39833 1
169030 0
394131 0
218260 0
145618 1
148058 0
130584 0
93282 1
99978 1
174666 0
72771 0
361246 0
127701 1
116649 0
124784 1
80044 1
88608 1
237192 0
80622 1
53521 0
98941 1
145465 0
226259 0
113270 0
222047 0
477770 0
154934 1
160022 1
116828 1
76461 0
183111 0
133113 0
111928 0
64331 0
100184 1
118749 1
57783 0
153023 0
371513 1
95874 1
63325 0
162658 1
409895 1
46571 1
73371 1
152317 0
91391 1
82777 0
284852 0
152483 1
170148 0
173369 1
89845 1
173709 0
97486 1
30138 0
278916 0
83745 0
217649 0
220783 1
37013 1
93819 0
304591 0
113546 1
51456 1
260191 0
320279 1
169262 1
167625 1
75469 0
114371 0
200843 0
236050 1
36787 0
119975 0
77315 0
132376 0
103828 1
106558 0
158995 1
85737 1
77969 0
111706 1
106416 1
117890 1
73512 1
165880 1
183363 1
100646 1
176529 1
146170 0
105476 0
150978 0
77434 1
51683 1
56673 0
229126 1
93620 1
176986 1
124155 1
129929 0
118433 0
186963 0
192320 1
185724 0
143649 1
149165 1
45124 1
135699 0
116541 1
41171 0
50200 1
142512 0
135485 1
261529 0
54360 0
140799 1
214865 1
139718 1
60276 1
85737 0
163292 0
96866 0
196443 1
115219 0
106737 0
114199 0
92615 0
131678 0
98206 1
95064 1
91655 1
114306 0
300326 0
187000 0
212384 1
53685 1
56305 0
67978 1
55251 0
117366 1
200037 1
83645 1
47960 0
61292 0
214284 0
86454 0
125939 0
157261 0
238267 1
91846 0
312423 0
150979 1
229936 0
76311 1
31114 0
185534 0
120611 1
62840 1
179470 0
75196 0
105245 0
126401 1
371903 0
87725 0
134824 1
49117 1
201561 0
48520 0
97173 0
218669 0
85757 0
123892 0
73094 1
137419 0
81959 0
207660 0
94320 1
172304 0
120916 1
