93820 1
45213 0
84057 1
160508 1
126786 1
62058 1
178223 1
185898 1
280870 1
236264 1
136545 1
81815 1
265221 0
88372 0
245927 1
130855 1
45954 1
121160 1
343707 1
129977 0
288753 1
230885 0
147707 1
67677 1
142689 0
84070 0
150279 1
162445 0
147897 1
157515 0
87411 1
461324 1
153479 1
185836 0
208670 1
126995 1
139976 1
199356 1
89710 1
32961 1
57185 1
114653 1
107509 1
211070 0
88521 1
107479 1
233378 1
97018 1
118513 1
85925 0
299526 0
45180 0
84057 1
102589 1
72940 0
151091 0
86077 1
182140 0
86203 0
102543 1
93757 1
87768 1
46246 1
91921 1
212126 1
129931 1
116164 1
216093 1
117797 1
43795 1
257262 0
83151 1
184538 1
155506 1
60913 1
49596 1
55465 1
55299 0
110632 1
170371 1
165077 1
47479 1
102876 1
243381 1
100563 1
53096 1
88008 1
339564 1
158657 1
41595 1
164490 1
120107 1
104743 0
65466 1
100926 1
34278 1
111560 1
321522 1
112288 1
123939 1
84265 0
104661 1
145932 1
85880 1
110217 1
84935 1
75037 1
343507 1
271396 0
32577 1
223292 1
175361 0
156874 1
106287 1
133897 1
186308 1
82528 1
117096 0
186028 0
183433 1
102311 1
77473 1
60018 1
67057 1
257346 1
42103 1
324378 1
367171 0
111840 0
66365 1
139244 1
59540 1
80666 0
109870 1
202915 1
112783 1
104661 0
156874 1
155581 0
167860 1
291480 1
146888 0
101715 1
66206 1
69247 0
68220 1
151043 1
197730 0
387368 0
151492 1
71943 1
200781 1
182658 1
198284 1
147209 1
73475 1
46819 1
109776 1
37503 1
56549 1
60401 1
60939 1
155370 0
58571 1
155490 1
90586 1
153768 1
89815 1
74091 1
98084 1
144040 1
127356 1
129354 1
90381 1
151902 1
72050 1
100293 1
91712 0
57067 1
121417 0
48044 1
110382 1
79316 1
32256 1
377262 1
174739 1
62084 1
244508 1
246933 1
136099 0
205218 0
220081 0
129120 0
192185 0
225056 0
221527 0
88971 1
28657 1
79712 1
91865 1
72281 1
158052 1
52671 0
320255 1
248477 0
44221 1
127413 0
87447 1
199237 0
267302 1
123349 1
53197 1
85640 0
203328 0
212667 0
125080 1
171229 1
173225 1
81998 1
92269 1
229669 1
185199 1
144920 0
84774 1
38045 1
70852 1
291710 1
181227 1
119893 1
79071 1
201011 1
41021 1
170631 1
129406 0
59611 1
195637 1
225058 1
79271 1
205305 0
279765 1
124669 0
118666 1
58027 0
145946 1
128548 0
51864 1
135856 1
194345 0
187539 0
155597 1
70852 1
208842 1
262714 0
248242 0
106769 1
154940 0
32581 1
63477 0
83982 1
289918 0
84689 0
91699 0
96581 1
155597 1
163418 1
134223 1
148431 0
80502 1
381634 1
90203 1
65930 1
80152 1
178332 0
68084 1
156420 1
266606 1
45360 1
95183 1
25847 1
235569 0
121442 1
243847 0
585956 0
119602 0
158428 1
196109 0
364378 1
96134 1
255647 1
74910 1
79565 1
63678 1
449715 0
98310 1
94367 1
55330 0
239276 0
222270 1
166186 1
91854 1
208842 1
130739 1
39220 1
98515 1
267302 1
147689 0
146190 1
70276 0
185199 1
147363 1
255769 0
189259 1
89350 0
107370 1
210538 1
93180 1
112279 1
143303 1
178041 0
116708 0
278476 1
120900 1
40864 1
36459 1
118966 1
131231 1
291507 0
113244 1
72185 1
56991 1
101197 1
43324 1
100708 0
329520 0
86903 1
69197 1
168175 1
144017 1
70912 1
61998 1
181446 1
139890 0
154202 1
186089 1
116167 1
204226 1
126660 1
133234 0
143560 1
125463 1
139227 1
68848 1
122806 0
174449 1
93959 1
67486 1
121343 0
54375 1
68831 0
101065 0
61903 1
46486 0
57296 0
197440 0
317516 0
190035 1
68039 1
296822 0
126279 0
98882 0
105933 1
208931 1
101394 1
88377 1
211765 0
246844 0
130729 1
266212 1
196781 1
210801 1
136397 0
60071 0
135993 0
116726 0
136248 0
57196 1
290768 1
111482 1
123772 1
280771 0
78272 0
158525 0
214839 0
226798 0
128297 1
195283 1
316176 0
135778 1
153782 1
373980 0
121329 1
41666 1
62254 1
67673 1
95915 1
38851 1
94882 1
174677 1
86736 1
146727 1
246639 1
138921 0
190399 0
220665 0
65272 1
98611 1
106607 1
157455 0
128188 0
76797 1
195630 0
130812 1
72049 1
115373 0
252151 1
106408 0
135094 1
119162 1
19684 1
91865 0
91236 1
298320 0
145293 0
392897 1
168822 1
332095 1
57052 1
38716 1
118129 1
77414 0
231423 1
510603 0
150292 1
104148 0
120308 1
64196 1
122242 1
98090 0
67167 1
206433 0
198555 1
168403 0
116765 1
468833 0
128374 1
128662 0
78577 0
109632 1
289367 1
212763 1
194305 0
119048 1
338537 1
117524 1
118909 1
354916 0
92695 0
192017 0
140263 1
91578 1
61564 1
70099 0
199832 1
147029 0
332095 1
60286 1
100929 1
96445 0
232682 0
128826 0
163092 1
73559 0
144979 0
131416 0
234536 0
69449 1
194192 0
93444 1
45445 0
370662 1
136239 1
316126 0
251951 1
224586 1
391129 0
161237 1
32121 1
176787 1
311856 1
218828 0
97533 0
107051 0
87284 0
85420 0
109239 1
108629 1
136039 0
145711 0
464258 0
62424 0
225434 0
153469 1
224317 0
86304 0
48669 1
70442 0
157048 1
348503 0
135842 1
144419 0
263990 0
240782 0
211113 0
54153 1
208665 0
44422 1
141927 1
164295 0
61764 1
67213 1
56344 1
165357 1
337846 1
132368 1
70053 0
214418 0
136948 0
212809 1
150946 1
187491 0
154806 1
112839 0
102815 1
69859 0
412539 0
81810 1
216743 1
207935 0
183042 0
210309 1
165203 0
170250 0
62715 1
201709 0
266415 0
109705 1
181811 1
191576 0
118323 0
126976 0
51188 1
53185 1
124807 0
184781 0
69806 1
281376 0
218785 0
137972 0
64800 1
242092 1
68974 1
167973 0
170489 0
143423 0
178816 1
138921 0
186255 0
112730 1
55671 1
291542 0
225542 0
34928 0
164720 1
85023 1
122111 0
268323 0
85394 1
167390 1
145130 0
109340 1
332640 1
122868 0
25010 1
79289 0
30584 1
434592 1
117825 1
77979 1
59349 1
102422 1
101852 1
112328 0
162179 0
380954 1
63520 1
267434 0
191267 0
84573 1
169373 0
127433 0
180571 0
94909 0
112972 0
111665 1
264083 1
80300 1
273422 0
187346 0
213618 0
98277 1
291233 0
176492 0
92273 0
116892 0
82387 1
424319 0
162189 1
295978 0
84792 1
152586 0
154806 1
90880 0
188187 0
555738 0
81395 1
149312 1
356473 0
89306 0
195748 0
278067 1
114190 1
97233 1
365212 1
161253 1
216811 1
105088 1
145189 1
182688 0
81419 1
229914 0
81352 0
101117 1
153375 1
159563 0
69191 1
131644 1
104165 1
162281 1
237976 0
202602 0
214261 1
199440 1
46991 0
53315 1
209221 1
170799 0
44429 1
154179 0
158376 0
276806 1
58991 1
177749 1
41678 1
173931 1
175807 1
131408 1
97556 1
111511 0
157833 0
147142 0
113389 0
239857 1
95819 1
100166 0
101075 1
83640 0
266260 0
176356 1
80757 0
314642 0
429028 0
249231 0
176112 1
34928 1
38851 1
229914 0
322346 1
518657 0
140777 0
107624 1
122161 1
69588 1
193835 0
345115 0
367326 1
160263 0
115096 0
183018 1
58272 0
356413 0
208563 1
173906 1
149889 0
141063 1
146688 1
92662 1
200075 0
75439 0
27456 1
89003 0
38130 1
285732 0
535037 0
352816 0
117906 1
277698 0
198949 0
116727 1
84705 1
322182 0
112282 0
402432 0
131550 1
169344 0
90711 0
108526 1
89987 1
311059 1
155474 1
95238 1
175731 1
172729 1
342114 0
148586 1
383290 0
297229 0
231621 1
441439 1
82006 0
74412 0
215692 0
175593 1
291948 0
112729 0
58376 1
119712 1
103528 0
430134 0
500890 1
116934 1
63354 0
371866 0
220554 1
57008 1
97509 1
203008 0
153276 1
108053 1
317283 0
166881 0
177983 0
268883 1
235800 1
153334 0
142728 1
74557 0
441125 0
63937 1
227965 0
267661 1
31577 0
141393 0
243290 0
66225 1
100431 1
362088 0
346508 1
258497 1
199208 1
67058 1
174533 0
304934 0
187084 1
37827 1
192716 0
223806 0
126415 0
78293 1
132084 0
159984 1
85763 1
147514 0
93904 1
82660 0
109011 1
332939 1
379403 1
168313 0
101518 1
130821 1
356111 0
123160 0
289037 0
181020 1
51632 1
120278 0
268229 0
102313 1
201578 1
212465 0
226811 1
186379 0
441083 0
270414 0
201483 1
450307 1
145280 1
68721 1
165966 0
110926 1
52648 0
95356 1
190186 0
172195 1
560543 0
79097 0
131436 1
279016 0
226757 1
55561 1
85763 0
248577 0
76985 0
227383 0
124835 1
153190 0
97926 0
96539 1
137547 0
107439 1
115261 1
122673 1
93810 0
316643 0
252389 0
176785 1
49063 1
109358 1
131284 1
271002 0
147864 0
280906 1
202620 1
36090 0
105449 0
343100 0
169388 0
197327 0
114820 0
254005 1
166114 0
436351 0
172602 1
322168 0
132929 1
63696 1
159949 0
204981 1
56438 1
326459 0
55819 0
106401 0
106298 1
464284 0
124151 0
104449 1
86019 1
292248 0
106113 0
161332 0
321198 0
168577 0
126808 1
57328 1
195311 0
156117 0
140602 0
113766 0
204599 0
301404 1
