114951 1
82089 0
115329 1
193998 1
181948 1
136014 1
266584 1
184967 1
363191 1
219605 1
94978 1
113305 1
350939 1
104554 0
169230 1
214365 1
78372 1
237168 1
338742 0
189188 1
270946 0
294414 0
266120 1
99490 1
279845 0
143721 0
228207 1
140483 0
180147 0
197273 0
114689 0
301671 1
140350 1
240646 0
392046 1
160065 1
174455 1
244425 0
114036 1
35763 1
91608 1
149918 1
119746 1
204130 0
128338 1
135726 1
194403 1
131358 1
136485 1
141454 0
552863 1
67918 0
115329 1
108067 1
89929 0
287983 0
150465 1
192825 0
69088 0
82180 1
83838 1
76014 1
70643 1
123452 1
210638 1
106493 1
196282 1
566202 1
163899 1
63982 1
263792 0
101706 1
248173 0
96505 0
73018 1
71457 1
78166 1
59162 0
154442 1
225323 1
134370 1
62681 1
283620 1
298917 1
66429 1
121305 1
82804 1
382611 1
245920 1
113394 1
250175 1
123200 1
159756 0
82408 1
180327 1
40490 1
106797 1
332441 1
133889 1
161027 1
108606 0
102215 1
167122 1
112096 1
178355 1
115598 1
80287 1
309442 1
185305 1
40209 1
187388 1
211311 0
154942 1
133868 1
189604 1
332138 0
83135 1
135126 0
339290 0
162560 1
129047 1
99098 1
70160 1
104846 1
228403 1
33725 1
361876 1
443294 0
186324 1
103174 1
171642 0
67131 1
71940 0
125967 1
265723 1
208903 1
102215 0
154942 1
185681 0
201467 1
236185 1
274521 0
122308 1
73669 1
109807 0
119317 0
126150 1
232681 0
414834 0
173331 1
44965 1
360857 1
206173 1
216807 1
144928 1
135941 1
57468 1
121750 1
41105 1
56731 1
79976 1
41963 1
175225 0
94763 1
181830 1
179237 1
245684 1
128627 1
108761 1
118052 1
184740 1
170018 1
96990 1
103718 1
307012 1
111897 1
127610 1
154680 0
69233 1
146736 0
55348 1
216480 1
134927 1
78056 1
314415 1
181643 1
92241 1
293082 1
299038 1
97011 0
316640 0
242805 0
137344 0
224467 0
250062 1
215781 1
144474 1
38288 1
108563 1
130004 1
108057 1
229525 0
59892 0
306226 1
334134 0
81813 1
178562 1
116908 1
385377 0
261854 1
163357 1
65633 1
114132 0
342894 0
183780 0
108266 1
340150 1
254233 1
147857 1
180255 1
225955 1
183779 1
214155 0
162454 1
44566 1
99113 1
488409 0
185214 1
143400 1
116029 1
172768 0
68018 1
403817 0
203720 0
68259 1
246325 1
259357 1
128822 1
177981 1
360816 1
176352 0
169662 1
92722 0
220045 0
146373 0
90342 1
143470 1
244604 0
254050 0
232706 1
99113 1
134619 1
298065 0
276378 0
104351 1
233392 0
49160 1
84891 0
46646 1
667098 0
90553 0
135527 0
134460 0
232706 1
166499 0
159573 1
106917 0
106392 1
432862 1
118358 1
106946 1
68332 1
164716 0
90655 1
205366 1
372804 0
58405 1
139304 1
45410 1
321505 1
208003 1
444736 0
758772 0
167675 1
131491 1
303074 1
359377 1
131317 1
232979 1
83832 1
174607 1
103434 1
395793 0
115640 0
148966 1
75347 0
287699 1
285801 0
169619 0
105373 1
134619 1
159256 1
74873 1
152870 1
261854 1
137067 0
326292 1
98425 1
183779 1
100599 1
301633 1
209191 1
172098 1
135286 1
446337 1
133192 0
134938 1
111504 1
269252 0
154725 0
644342 1
128232 1
45385 1
45385 1
147568 1
159191 0
319279 0
89290 1
152606 0
100299 1
160922 1
103101 1
159283 0
291957 0
82615 1
97183 1
149374 1
270090 0
97019 1
90313 1
262581 1
146946 0
145648 1
183616 1
220205 1
184171 1
191986 1
234149 0
218371 1
228771 1
252504 1
91082 1
185058 1
254895 1
101457 1
66546 1
157051 0
55137 1
76327 1
262075 0
87365 1
71749 1
106109 1
314162 1
407882 1
301042 0
81566 1
360700 1
142822 0
113368 1
139693 0
249047 1
116764 1
104948 1
459140 0
210645 1
207479 1
273026 1
191185 1
236085 1
150366 0
97070 0
151234 0
128030 0
143386 0
81647 1
392003 0
157699 1
187005 1
254442 0
117298 1
283386 0
222208 0
223018 1
136747 1
285413 1
388303 0
194996 1
258491 1
282992 0
142278 1
62205 1
82233 1
123081 1
195669 1
54477 1
105457 1
319944 1
137660 1
329457 1
241200 1
346495 0
202316 0
424159 0
102344 1
63573 1
124809 1
272662 1
574183 0
107374 1
363640 1
200609 1
78720 1
138435 0
352273 1
187572 0
181140 1
125744 1
23910 1
151496 1
114529 1
194840 1
273814 0
496124 0
257225 1
297994 1
83444 1
51413 1
247482 0
140585 1
219010 1
304891 0
167068 1
146099 0
139304 1
100924 1
158423 1
204186 0
116107 1
440021 0
227615 1
185793 0
89779 1
248674 0
172651 1
128047 0
103919 0
133020 1
368489 1
228470 1
162479 0
173474 1
320678 0
132021 1
204801 1
444149 1
104322 0
362638 0
173123 1
125318 1
48074 1
106811 0
291776 1
306680 0
297994 1
86502 1
119078 1
135778 0
361266 0
223500 0
85970 0
62416 0
211402 0
189338 0
201405 0
157196 1
166679 0
200403 1
58086 0
266911 1
257929 1
276791 0
238143 1
316029 1
336588 0
224511 1
53513 1
277780 1
420400 1
238465 0
119074 0
138285 0
136623 0
165726 1
83025 1
142530 1
315643 0
193366 0
736131 0
62453 0
194618 1
143021 1
270070 0
151227 0
72512 1
102868 0
134619 0
513916 1
195838 1
219983 1
170510 0
183383 0
225932 0
83094 1
244636 0
63940 0
157198 1
319178 1
87488 1
144002 1
78712 1
333816 1
205750 0
161232 1
76185 0
525344 0
253704 0
307562 0
194494 1
167385 1
187118 0
109011 0
78130 1
89553 0
565205 1
158034 1
381033 1
240439 0
176549 0
221677 1
107663 0
216977 0
99978 1
230532 1
266871 1
144178 1
193054 1
197549 0
137639 0
179700 0
54442 1
80119 1
172629 0
232625 0
108128 1
353594 0
178952 0
88927 0
94146 1
332151 1
92029 1
187568 0
165302 1
163286 0
215079 1
311522 0
235188 1
136357 1
57536 1
516029 0
212442 1
70040 0
258420 1
117368 1
169174 0
244080 0
134019 1
138030 1
152571 0
144475 1
338170 1
249251 0
79747 1
91075 0
53639 0
456654 0
118882 1
95458 1
93118 1
146483 0
133420 1
139447 0
180664 1
434848 0
158041 1
410406 0
341127 0
91628 0
312048 0
136040 0
168465 1
133848 0
130223 0
138747 0
699735 1
69029 1
276308 0
216337 0
258943 0
171767 1
304382 0
248271 0
168054 0
115042 0
111094 1
272101 0
230756 1
272115 0
171575 1
242644 0
187118 0
224400 1
250305 1
559602 0
127936 1
186702 1
441627 0
175570 0
176347 0
427462 1
202195 0
148972 0
359222 1
319683 1
176145 1
98802 1
181948 1
205917 0
119863 1
238933 0
130759 0
152988 0
156744 1
199675 0
182313 0
253500 1
139783 1
153217 0
213107 0
283920 0
225536 1
249387 1
50029 0
51657 1
510035 1
220399 0
72455 1
208067 1
171901 0
186951 1
76737 1
184608 1
89579 1
218802 1
186472 1
151652 1
162916 0
98612 0
122049 1
182697 0
128726 0
186787 1
129271 1
143206 0
127663 1
226147 1
296594 0
442681 1
110987 0
325716 0
339951 1
180938 0
145019 0
70040 1
54477 1
238933 0
372639 1
1280001 0
195136 0
102622 1
143140 1
71496 1
300438 1
258101 0
369097 1
122017 1
165353 0
277621 1
100267 0
202320 1
165441 0
240310 1
275102 0
158960 1
226133 0
172820 1
407196 0
125617 0
87686 1
260222 0
65712 1
276906 0
896229 0
347908 0
122471 1
279105 0
248274 1
153545 1
120019 1
364058 0
135701 0
537712 0
195230 1
211199 0
95147 0
95038 1
170639 1
306864 0
90307 1
138963 0
193299 1
193756 0
412518 0
156401 0
323669 0
397308 1
322916 1
311215 1
165153 1
138837 0
269562 0
203038 0
234531 1
153430 0
114392 1
130014 1
143184 0
341697 1
618445 1
121803 0
97620 0
377060 1
399156 0
78045 1
162240 1
296052 0
303057 1
139495 0
334997 0
211444 0
287919 0
186659 1
279076 1
196142 1
195296 1
87867 0
454743 0
104741 0
598579 0
217203 0
88772 0
208316 1
311157 0
92211 1
95938 1
370534 0
361588 0
187513 1
216349 1
118140 0
203817 0
478338 0
318971 1
63178 1
292033 0
307057 0
202268 0
84643 1
211528 0
275694 1
121877 0
160083 1
200379 1
120177 1
132559 1
161285 1
556020 1
252835 0
242452 1
176939 1
292600 0
181775 0
257871 0
112618 1
89416 1
91661 0
446847 0
151151 1
279115 1
283946 1
236293 0
192848 0
616408 0
210469 0
220294 0
514461 0
114111 1
45510 1
240349 0
181520 1
66110 0
65030 1
210395 0
212680 1
639540 0
124216 0
158138 1
242039 0
373783 1
101080 1
121877 0
311223 1
170154 1
204841 1
146089 1
185224 0
136545 0
188216 1
260412 1
164749 1
126024 1
131874 0
143612 0
348047 1
347412 0
165274 1
71700 1
97038 0
156038 1
250794 0
156668 0
426496 1
217679 1
64008 0
131827 0
366473 1
189625 0
208364 0
242811 0
317739 1
123562 0
334684 0
328657 1
263244 0
204635 1
75252 1
257655 0
303528 0
78285 1
456034 1
87713 1
236561 0
145541 1
675850 0
144886 1
101036 1
101992 0
498612 1
128629 0
168482 0
340548 0
173709 0
138819 1
84535 1
245465 0
118403 0
263028 0
94999 0
303145 0
249743 1
